120
2202
89 88 130
54 89 7448
88 68 5794
115 68 10340
96 88 9683
89 93 1884
92 88 12828
88 42 2111
99 42 8434
81 42 8455
82 89 7061
92 11 9958
11 78 1956
67 93 1788
78 109 9720
108 96 5119
99 105 7446
1 68 11936
103 88 5895
115 6 6608
11 4 2154
93 28 1711
27 81 6321
22 108 13079
53 89 4790
38 1 3580
22 46 13725
108 117 6247
68 15 11261
2 42 1499
27 39 7629
11 34 13446
100 68 5236
32 92 4324
53 50 3180
80 67 2568
105 52 9471
93 48 2910
68 8 8015
1 0 9173
53 107 968
5 48 13603
6 101 2720
103 113 6777
2 69 782
2 19 3107
41 100 5401
51 78 2578
98 96 1323
36 51 7507
84 89 10836
41 44 5331
93 94 8760
5 86 7908
74 96 13421
11 111 13854
13 82 8474
23 117 215
0 16 10033
36 119 13772
76 11 3207
50 43 10280
118 74 11276
104 0 13478
29 6 13729
15 7 10414
78 40 7084
31 23 274
113 83 2403
29 75 11771
1 57 11377
56 68 5151
32 70 14208
67 97 272
39 10 4902
38 110 8240
55 110 2280
97 12 5292
83 106 11603
33 31 10935
8 37 283
108 85 10383
94 49 4218
92 73 89
116 97 2517
90 82 7186
66 100 7031
114 78 2837
105 79 6476
71 43 12698
87 93 6175
86 3 11965
1 24 9899
6 30 2569
100 95 1793
98 20 12659
24 26 3307
6 18 6600
85 17 14245
15 47 8550
72 28 13230
9 42 9764
6 91 12650
118 14 1769
62 51 12242
71 35 7903
45 22 2725
61 11 13795
102 46 1988
77 1 13258
3 21 5991
65 13 5275
71 25 9445
59 107 7598
112 99 10514
37 64 5488
58 44 8370
54 60 8446
63 14 7416
94 90 12814
97 24 6469
17 37 4448
83 73 4418
73 36 155
119 32 13477
76 109 12942
81 15 2594
102 13 12187
55 114 6149
22 78 5621
15 4 3177
97 25 11266
16 9 9052
8 63 11669
54 96 13873
30 19 13371
10 87 6167
117 22 3937
18 82 9003
19 49 8020
47 103 9130
35 109 715
11 14 2747
116 38 10708
99 41 12682
23 4 8923
110 95 6185
55 18 7887
36 117 1050
102 77 6739
110 42 5455
98 118 5912
111 77 8391
12 88 8506
88 29 10577
79 82 12449
25 98 3569
54 90 2382
50 107 8583
87 89 7943
25 40 5487
96 68 12654
32 46 4345
56 71 11582
34 42 3710
83 31 4831
102 84 13571
43 66 13128
74 86 8217
100 39 3065
2 23 11137
94 20 8381
23 60 12579
80 47 11145
16 99 5347
94 95 944
99 69 12569
53 113 8666
60 53 5571
49 83 14256
107 37 4065
23 19 13613
16 56 11196
103 37 8242
4 113 10786
77 65 8817
31 2 3117
2 83 3970
58 114 3377
12 30 107
42 113 3871
53 51 5345
100 33 5254
90 66 1716
68 23 12016
90 69 1714
56 37 5744
116 99 9158
90 3 361
9 100 21
77 103 14055
73 57 9811
9 72 2753
93 16 4031
95 87 408
54 85 7185
48 28 7659
61 59 9865
38 69 3271
1 85 2438
8 97 7527
93 32 10832
95 111 13519
80 37 7958
53 59 5498
23 81 9901
105 108 8363
88 91 12444
41 42 5377
68 5 5027
83 91 11034
53 48 2597
108 54 14110
114 24 13802
51 83 11600
7 40 4655
52 78 12738
77 19 7151
100 114 12825
47 101 9690
97 30 309
32 2 2091
30 86 9244
31 37 12889
71 23 7659
34 119 5674
44 91 4136
37 109 11400
39 42 2940
12 104 9644
29 55 2857
12 109 0
37 47 10392
104 7 11571
53 17 8418
95 70 3072
80 81 342
58 23 10875
6 97 5838
111 45 6085
54 8 87
23 115 7991
51 103 8737
80 32 11129
97 85 7984
75 7 8134
42 55 508
75 118 1044
43 2 7867
84 105 13233
75 96 3934
87 94 10646
15 79 3606
50 58 8446
3 106 6145
84 41 3193
97 41 5092
94 106 9733
4 74 2927
107 5 3372
98 58 8525
93 31 1854
82 59 9077
93 82 7160
38 32 11249
63 111 13112
15 87 3158
98 77 8347
2 4 4147
101 83 10845
96 61 12830
7 16 8914
1 91 12633
20 106 6935
27 102 11223
36 43 7246
44 62 14260
13 63 5863
10 68 4744
67 73 12174
62 99 6587
39 68 395
14 69 8826
98 101 9103
50 44 65
6 9 4788
0 83 6768
22 118 6602
118 87 13462
47 81 980
119 18 4094
2 62 10208
54 0 11677
65 99 2479
71 5 6060
81 101 6174
101 27 13799
20 102 9042
93 10 5315
65 92 11515
19 94 12645
36 97 9247
2 87 11596
12 84 6222
34 44 13465
14 85 5211
31 22 6187
32 34 11952
101 97 12848
114 18 10473
103 83 13134
91 62 9103
63 65 8037
75 35 3939
89 75 2667
6 7 7529
11 18 10086
93 59 10223
102 41 12089
56 42 9421
11 10 2400
42 62 4034
63 10 3102
109 107 10959
74 73 3306
60 110 10555
23 52 2552
29 102 11868
66 110 2890
114 115 5836
80 51 4494
90 23 10318
54 26 13827
54 62 13323
113 115 10300
85 99 8424
33 59 10525
119 101 12246
57 74 11045
65 56 8832
77 92 3342
118 111 7956
53 41 5894
2 75 10214
97 38 13594
99 92 9692
82 102 1634
8 60 7397
3 56 10888
16 67 13991
77 100 7022
87 1 980
88 20 1244
33 114 8443
54 39 2089
49 30 641
90 50 12848
81 19 11467
98 17 10466
69 34 1890
57 24 6787
23 113 765
30 34 5928
14 75 2097
70 82 8173
98 90 9815
39 17 4906
1 52 7646
9 86 3418
1 11 13665
49 67 10736
49 34 1101
0 115 5579
4 12 10209
13 20 555
33 118 3588
21 42 3482
47 117 5408
43 8 2695
20 96 2305
34 12 10203
92 58 11818
68 97 12713
33 32 4685
86 96 12536
24 4 6204
0 68 13736
9 24 2615
85 22 9139
19 86 11301
70 89 10091
30 110 9718
8 84 13750
56 28 11315
112 23 5167
17 25 12531
111 21 7557
11 27 9108
118 88 9793
92 45 7647
104 15 6066
77 0 617
42 13 10028
79 0 14163
10 79 13958
40 73 2522
47 106 13969
99 24 5704
67 59 4000
113 70 5914
35 118 3229
10 46 5542
6 87 11417
38 48 13754
97 105 8508
12 21 841
114 61 12305
72 99 9210
79 91 8312
56 102 4965
27 114 8408
27 30 4695
110 112 9616
63 107 12552
51 29 335
89 111 12401
82 103 2738
66 73 1829
67 36 7670
119 84 1567
74 43 2005
57 49 5631
113 25 12785
92 71 3730
19 103 7176
45 79 8501
77 116 12193
59 77 3204
83 19 1224
78 12 4018
83 21 3285
107 115 1679
43 98 3952
66 46 9780
38 8 12254
107 68 6647
58 84 10696
112 62 6221
91 82 9666
85 12 11111
108 35 6267
40 50 12263
81 111 10675
74 40 12143
63 16 8328
33 60 6364
49 38 10738
52 85 4489
60 31 6688
42 104 7115
21 89 9756
114 108 13125
115 100 1169
82 56 7069
70 33 8327
49 84 8976
106 31 7668
19 112 5462
5 80 14025
32 104 2769
17 110 7058
24 118 4918
100 27 3368
79 21 14207
108 95 9739
100 87 6755
29 103 11551
63 31 13817
110 64 8691
117 109 870
116 13 11287
81 114 1765
4 26 4609
44 108 9555
44 18 8508
91 43 13827
81 113 1133
12 20 5257
80 104 7150
42 73 11444
84 2 1942
68 34 921
73 50 7399
35 66 2670
102 50 8471
0 90 7338
97 86 12248
38 55 235
102 34 13983
48 26 3889
92 26 6352
72 95 12300
115 85 10125
41 112 6760
81 118 436
46 31 10309
34 2 1033
31 32 9813
16 109 8130
61 92 6222
103 58 468
119 78 4906
19 31 4323
56 35 4769
118 13 5633
114 79 7332
36 56 9931
20 17 11870
101 90 11254
14 35 1578
58 64 11375
8 12 12017
98 97 6861
61 26 1843
21 70 9223
70 36 9388
76 98 1230
20 35 13671
5 6 13490
55 108 4170
67 116 12363
86 84 1039
49 13 2100
61 105 10122
0 67 5509
5 57 10666
9 115 7971
101 89 13352
8 106 4128
111 114 4864
28 35 11562
11 38 10622
80 31 2496
9 92 3803
57 115 774
0 31 4404
77 81 3703
22 79 4927
70 9 1383
117 75 2447
34 56 2791
63 59 12392
84 36 7834
117 52 8657
23 30 6419
34 61 4843
2 73 14190
70 60 4442
4 44 3218
54 82 7268
43 83 10238
103 53 4183
76 31 4410
50 38 3112
85 31 2093
19 43 7736
39 81 12074
49 16 9057
96 10 7944
16 65 7848
35 72 13118
46 65 1018
87 62 4595
95 77 9476
106 29 7823
102 81 477
34 47 3952
75 36 5600
39 85 8767
40 54 10312
88 69 5804
25 77 879
4 110 1833
22 55 5857
104 56 5348
76 79 13823
71 2 9476
0 105 13819
55 103 3050
80 85 4020
106 46 475
93 57 12306
1 106 2299
82 64 3458
21 7 12959
112 91 3182
27 89 5808
103 110 8587
111 28 3070
68 40 8323
63 21 1299
31 42 12539
71 51 7916
86 94 10577
55 51 7258
64 102 7984
82 49 10000
97 20 3833
107 40 8030
66 113 11456
14 44 11926
92 51 1671
97 19 9560
113 37 8365
38 86 6745
66 27 11727
0 84 4170
95 56 12496
107 101 5812
11 98 9493
114 66 2382
109 27 4101
70 52 2335
111 93 8119
22 43 11797
96 76 8650
118 100 4269
20 31 5472
82 52 11190
103 106 540
5 116 12441
60 74 1072
88 112 10820
40 101 5945
61 54 10673
79 101 6948
45 34 6126
44 27 13623
44 98 2171
61 13 9325
90 118 4110
108 65 13030
4 115 9672
27 91 758
29 92 3275
58 99 3084
47 66 11255
94 78 6449
88 56 6014
17 77 10399
112 10 6699
3 22 2474
113 39 9822
106 42 9941
59 73 8711
53 4 2556
93 73 7110
23 25 10146
85 71 12751
115 105 5137
11 32 3105
79 94 4294
12 82 4934
106 73 11602
51 10 9268
43 100 2741
59 118 13767
99 81 5883
32 20 8696
61 55 5689
69 54 3395
52 118 1415
33 38 13472
53 22 2535
113 20 7229
50 91 1104
74 17 11187
12 72 3256
56 108 4874
25 65 1869
69 105 219
117 54 3402
116 56 11791
24 64 12881
8 14 4333
6 96 5948
100 51 10952
11 19 6059
59 95 7591
48 27 5994
107 70 5177
104 88 11353
59 46 2441
44 66 8203
109 110 12808
56 26 6157
67 13 10621
18 45 6494
105 83 12857
102 67 9789
1 55 5666
66 89 7505
49 22 12027
47 35 8284
48 1 9970
69 110 2681
31 4 8319
21 107 10877
76 90 4
47 51 8415
43 97 7408
85 44 4202
37 18 4760
26 102 8685
83 118 9600
105 70 10852
119 113 1586
112 81 7601
102 12 12977
43 62 10206
19 48 279
25 4 6319
36 110 7036
107 15 24
7 20 5839
78 91 8999
27 15 7186
13 95 8156
42 114 4915
86 60 8825
80 64 13477
54 87 10652
43 11 8793
86 72 5127
111 53 4546
43 7 3314
1 27 12142
43 69 5216
5 25 2880
56 11 6711
91 104 12058
66 63 758
72 85 7621
40 77 13233
8 87 5279
64 89 13271
78 0 6757
78 45 1656
74 66 362
41 14 2096
26 110 2358
11 12 7569
73 41 9737
117 91 12376
28 98 10796
13 66 5490
103 46 14205
52 116 13236
111 1 13229
104 23 11267
14 47 7293
83 46 8577
78 6 6753
36 93 2478
16 32 877
26 20 13134
102 11 11398
63 73 7243
11 31 7230
100 57 9070
32 50 10663
38 22 6782
41 28 8892
86 104 2906
102 89 7633
55 44 2784
113 58 3946
65 89 9357
27 88 435
101 78 7985
19 87 688
37 11 6447
108 18 9679
89 8 12260
6 1 6453
102 83 10892
74 84 13497
81 30 2840
63 80 3305
111 47 8087
76 6 4310
67 50 8238
96 32 4244
87 18 9281
94 55 2259
75 38 7052
84 101 13345
59 28 10607
66 103 7659
86 101 2637
107 47 6398
86 16 11385
53 85 8956
15 77 3976
13 43 9389
7 82 13452
22 1 8800
85 28 5218
96 109 8429
70 104 7456
87 84 1843
112 87 11805
2 5 10268
39 98 778
11 113 4795
41 58 1975
6 109 8778
76 72 4910
89 95 7627
41 108 5351
30 48 1010
12 87 6983
55 13 9035
106 14 12403
59 2 5833
113 65 4694
82 60 4780
45 27 12436
86 75 3508
22 95 67
46 79 8900
62 7 7313
73 51 4564
99 119 8304
26 19 419
78 16 7728
17 28 10314
86 54 11151
112 67 9557
56 110 168
97 59 5840
51 115 1089
46 47 12045
99 40 12780
73 18 3818
8 113 12313
31 14 3670
109 86 2942
56 118 13715
105 89 8258
67 62 1233
76 17 6623
71 77 11918
28 71 5985
108 58 6413
97 44 11912
43 85 6964
18 98 12702
30 91 13043
89 51 7010
74 47 6039
37 85 5560
62 108 6968
55 45 9357
108 82 13158
26 94 9535
13 81 2028
20 109 4188
88 40 6473
29 7 4565
38 67 5344
66 15 9246
86 51 5894
27 34 4162
6 64 13134
69 18 13370
5 4 10003
70 90 13089
87 14 14149
68 33 9563
32 47 7781
110 2 5609
113 99 6389
87 23 9698
62 6 11970
117 26 9417
14 26 4620
27 90 10175
23 18 9513
26 114 14253
51 18 5635
43 0 8567
100 55 11830
68 89 9575
117 79 8623
52 59 2570
19 117 2414
55 28 5315
8 62 611
56 43 5700
85 41 6788
69 53 10707
61 38 8999
36 112 377
58 12 12400
30 80 12385
50 63 1011
38 25 8944
45 42 8860
95 75 11456
55 64 12778
94 9 12858
23 26 13266
3 110 3006
53 75 14194
49 44 11178
69 102 12473
1 69 3479
90 16 6202
79 43 10010
3 92 6245
64 87 7961
54 20 12394
15 30 11312
49 56 6861
3 12 12258
59 72 4399
105 4 2596
4 30 8086
40 108 6032
16 11 6159
72 46 11994
45 16 9599
119 79 166
71 91 5303
63 24 7017
102 106 8504
104 103 5936
33 113 3769
62 34 6790
83 89 6651
0 64 13883
11 105 12657
38 18 7428
117 27 671
22 96 12267
113 86 1784
53 40 9937
117 10 1329
13 78 13604
78 5 80
44 71 11473
68 85 11974
98 102 1601
57 12 234
12 113 4296
61 15 7673
50 99 7866
86 102 13910
104 8 2468
44 3 11568
37 95 6263
59 48 1865
82 111 7340
109 94 3935
34 117 7578
26 27 10413
34 96 10682
42 11 4437
25 80 10084
34 22 487
35 17 141
74 53 8071
24 25 14107
77 105 3259
8 110 3506
69 116 2421
26 17 11552
25 83 2295
115 63 6108
87 81 5226
3 112 1653
108 92 4657
110 105 10667
64 51 14042
96 93 5487
50 36 4030
79 6 3448
43 41 6816
83 108 5906
84 115 12034
14 64 12896
48 51 5987
24 110 2513
16 69 8723
81 37 1122
83 92 3552
14 48 2369
9 13 4038
99 96 7608
79 49 3021
51 117 10683
72 6 6273
1 18 5800
9 117 13788
88 4 11512
68 53 12413
37 28 10122
88 67 1007
39 89 2149
27 119 3209
44 65 1755
45 76 14046
30 105 1651
47 40 5007
7 118 11258
117 32 13820
81 41 9647
38 83 5187
24 34 13860
50 88 13928
45 66 13544
23 44 8334
52 49 9891
100 47 6714
22 52 9063
50 47 11595
90 58 597
89 77 13446
15 33 5081
10 33 13731
16 25 11991
110 14 5080
72 42 13600
28 92 4932
20 28 9419
44 110 12243
52 7 1428
50 87 240
82 57 6846
8 17 1069
26 83 10867
77 12 10959
36 79 3091
10 27 10392
79 19 9453
32 21 8454
21 93 9502
39 65 1625
62 15 11145
44 61 7845
15 95 9935
105 49 1598
38 72 12588
14 30 2500
102 2 4090
28 103 3392
66 118 10950
11 8 13578
92 44 8176
98 3 11394
106 110 1879
70 79 11455
26 90 9357
91 107 596
80 9 6271
40 75 7399
96 66 9356
25 10 3921
79 116 5772
100 109 9934
104 85 6385
46 60 10761
58 5 469
75 112 3477
13 44 9415
81 8 8057
49 110 9508
33 76 2100
115 97 6360
96 31 1411
51 49 5595
8 76 8743
25 95 914
44 8 10347
112 50 7288
25 44 12771
91 67 10084
37 77 2978
68 43 7819
93 102 4897
46 0 13344
17 44 233
35 114 11166
66 14 5642
59 75 12332
77 41 7562
66 83 290
72 108 6598
72 87 9914
34 21 2696
30 11 748
8 74 10541
59 16 4112
108 42 9468
1 13 5100
20 91 13080
41 45 1240
77 74 10532
18 48 11371
70 88 7136
105 102 11237
65 10 1918
58 60 13384
35 115 10287
119 14 3583
45 59 14146
4 116 12247
25 46 12576
51 22 14133
1 66 8087
101 106 6182
8 6 1322
2 56 8892
39 108 2167
114 84 11038
52 108 2616
116 115 4133
94 91 13741
49 11 409
76 62 1613
118 71 995
65 0 12830
113 101 12441
6 15 1492
17 23 2402
9 111 1949
58 6 2070
20 49 5473
79 103 5762
90 46 10531
35 61 732
97 18 11539
83 50 5546
110 89 7399
104 16 1857
33 87 6721
39 69 5074
92 38 3534
34 70 13106
68 47 5884
56 90 8819
98 112 11242
0 49 6422
93 53 8846
109 73 1508
103 34 138
50 35 7220
21 99 9917
106 64 5075
53 54 11716
92 95 2386
32 54 9941
89 32 2741
35 103 8632
74 76 5957
52 53 1994
79 71 13215
3 14 355
19 47 8069
43 102 156
99 20 9631
27 61 11248
92 67 3558
72 5 45
48 29 12846
96 42 2268
92 31 5978
58 43 7847
78 29 8140
92 1 8551
105 107 7131
58 59 6642
83 100 10946
31 119 2876
104 18 1240
51 114 7073
64 103 3093
69 107 486
48 58 51
85 110 6021
11 64 9560
102 49 3667
10 95 3096
108 28 2284
25 2 288
7 117 1440
6 43 13043
57 58 3082
18 109 12320
69 106 3507
34 51 1954
13 113 1923
55 50 2133
7 93 9163
12 0 11663
43 38 4585
37 92 8283
17 18 11714
104 27 3528
108 84 5928
49 4 10952
48 3 9132
111 60 13165
40 114 13556
81 95 5247
116 76 8332
86 68 9119
81 46 1341
104 111 14181
114 41 7841
95 19 2877
115 66 7034
109 79 10379
95 65 4113
60 91 8492
56 54 8975
25 79 4836
105 39 12289
13 46 452
13 33 165
75 115 4581
118 47 3044
7 3 6660
46 89 10908
5 77 11190
19 50 1125
48 40 7031
25 118 342
97 77 6870
57 37 11032
105 75 11952
75 91 12417
31 16 4721
90 97 13041
38 103 9036
50 106 14242
97 42 8847
78 36 2819
31 70 2161
117 73 14102
98 115 12238
28 64 13931
9 71 3059
5 15 9985
59 14 9678
15 112 5823
84 65 2998
40 104 4246
1 23 4523
22 2 10202
73 43 2316
75 116 7552
37 68 7074
48 83 3833
80 56 7531
24 75 4605
7 76 9905
63 7 11670
102 35 724
115 79 10614
27 5 10572
29 113 4523
87 113 12684
33 108 4927
104 31 3219
45 80 4353
12 99 8762
47 119 404
101 38 3317
7 77 9118
4 20 217
105 8 7361
67 94 10477
94 98 9330
114 59 14007
77 20 6262
97 26 1079
18 118 6850
100 103 4823
40 71 7541
75 6 10258
21 71 6699
43 110 6054
66 116 9396
5 110 2263
117 56 2710
71 97 6840
28 32 786
16 119 73
75 74 7983
65 27 11457
39 15 4239
89 100 202
44 93 4432
65 17 10671
45 44 9745
76 70 13479
61 78 10449
98 35 9251
58 112 4299
6 86 10599
32 13 7990
25 28 9311
48 64 12613
64 84 12628
27 79 1555
8 1 65
40 100 10556
56 113 8066
14 74 3903
49 75 7513
72 52 13678
53 112 13419
98 2 5931
66 3 12130
97 76 9421
63 51 11692
119 62 8825
18 29 10175
112 56 2763
59 8 7103
93 47 13608
45 118 7269
89 33 9220
42 47 8883
54 99 13612
21 92 2618
113 118 9260
70 5 12663
36 96 9547
103 27 9271
11 108 12844
45 29 13149
39 16 2362
17 100 6389
0 22 9551
106 74 6462
94 74 4560
57 50 1335
28 84 8416
81 65 6262
63 2 5040
112 72 792
3 85 6485
27 76 11132
73 11 8105
21 41 13218
119 109 6522
42 46 12342
106 22 4513
63 6 10431
74 108 10142
56 50 2458
33 80 6362
91 59 7716
26 103 12760
65 47 8557
105 81 14193
87 44 6837
11 99 1954
42 95 12430
103 25 5443
74 19 9846
53 38 2764
72 4 6029
116 94 6472
43 90 10340
21 48 4670
113 6 10492
115 56 12228
16 118 11069
48 63 983
10 8 5240
77 94 6872
84 92 5819
65 112 6356
8 114 5185
24 108 12163
111 84 2694
44 54 9122
97 84 5824
75 30 7232
37 62 12924
101 10 417
40 28 12589
45 90 2366
119 35 1998
31 25 3425
104 28 12294
110 115 331
44 0 947
96 58 2571
117 63 10268
13 86 370
80 34 7891
118 77 10897
67 114 12507
97 14 5237
18 62 6450
79 108 1241
98 13 766
108 2 13538
40 84 4839
101 111 11219
15 38 13106
87 61 8796
14 33 13530
14 18 3850
84 90 1503
74 72 12637
51 17 1955
36 88 3838
80 96 8434
54 18 4365
40 115 2849
22 84 11275
103 90 13787
43 29 11104
56 17 10201
33 39 10659
74 99 4504
6 67 5417
73 80 12449
12 59 11126
101 8 3402
83 11 11077
93 3 4002
79 90 5454
21 4 989
88 39 814
91 85 168
8 100 14195
34 72 10217
45 2 5921
38 85 2898
90 67 4079
53 33 1829
98 0 13989
47 12 9173
76 0 3466
28 74 2587
22 39 3167
19 6 6123
51 106 170
2 54 6698
62 4 8199
25 69 4254
45 5 5193
103 52 1495
37 30 3267
97 118 9719
49 111 4708
25 87 9340
6 110 2016
73 78 6171
102 55 5783
78 88 1292
6 107 10155
62 50 1097
109 49 2264
67 19 8733
90 85 11848
37 61 4754
26 69 12003
60 103 9895
56 61 2473
115 8 8514
106 72 10144
59 57 891
93 110 1355
76 64 1567
36 54 12865
83 60 6303
56 64 12724
104 65 4771
110 33 12313
77 54 10221
49 62 12610
10 47 11481
38 16 9055
53 80 5374
39 46 8398
1 61 6798
85 36 10479
68 21 7792
18 22 6545
59 88 6417
28 112 2904
10 88 9007
13 109 12686
71 26 2548
85 84 1800
113 51 9662
62 111 3982
74 83 4707
104 36 3881
11 119 7976
78 15 1012
74 64 4384
90 60 1661
26 45 9349
83 37 1846
115 106 10297
27 46 8883
9 50 1678
81 90 6383
90 74 12748
118 117 11487
7 5 6213
9 95 6272
41 117 6651
31 7 792
104 108 10691
119 72 8329
13 18 331
44 94 658
26 115 8925
37 7 4860
76 20 11450
106 61 14013
89 48 9342
83 82 4097
107 11 12192
17 45 1210
36 87 13507
37 63 5736
31 1 1079
111 115 11704
19 89 11534
77 67 9955
79 38 2453
36 5 10882
99 53 8474
98 23 4286
31 6 9216
99 106 9262
14 117 6160
90 73 6455
5 64 9406
112 7 6760
119 90 609
107 55 10922
119 53 3239
18 47 3554
29 84 7949
98 21 2518
102 60 9147
44 57 4954
114 65 5205
91 0 6659
57 18 4593
20 47 5806
81 97 6417
6 34 9878
37 86 8170
30 93 4171
7 97 13850
81 68 4171
36 40 11372
26 51 2689
106 86 8878
85 26 12839
17 62 9857
42 83 3806
9 54 12856
79 75 10397
32 5 13109
18 25 14023
28 13 12804
32 111 6187
4 112 10922
75 84 13821
37 69 12898
17 1 12503
108 37 6600
66 32 11647
86 63 11941
98 67 5117
70 54 9396
53 72 338
100 25 1638
22 90 7027
11 97 2033
67 51 10012
36 33 10678
41 16 13298
82 43 4798
90 32 4132
99 102 3385
90 2 5547
87 37 10996
41 29 51
70 74 4004
111 15 10754
62 13 9147
52 100 10889
73 38 13148
21 20 2996
82 73 12977
88 108 13831
66 86 6662
3 36 10892
7 53 7165
88 82 13500
58 8 1905
10 94 4266
6 45 13680
11 0 7390
17 12 13910
17 94 5962
111 69 2138
112 12 1624
58 26 13700
100 93 5306
33 61 3165
50 115 12312
32 82 12899
80 12 1651
26 29 3902
119 103 2268
103 69 5563
52 10 14210
67 9 1710
62 72 4085
16 28 11778
103 99 6698
56 1 10635
1 99 8966
33 117 4366
77 52 5381
46 44 7562
32 73 12647
53 100 8803
98 81 13957
37 98 9157
37 59 12359
60 20 8810
75 97 6940
41 2 9379
59 39 7143
40 76 3604
100 70 1516
23 80 13144
87 102 13478
43 108 8040
103 96 6207
108 4 9810
27 92 8758
36 102 14273
14 73 442
111 19 8398
13 72 2786
16 73 14118
95 45 2200
108 89 14246
27 28 2910
14 89 4579
100 96 4862
89 36 8653
20 85 12710
115 118 166
115 13 12723
67 40 920
45 37 13292
52 29 13771
61 108 6046
20 114 7882
60 117 6896
98 54 11510
10 2 6287
91 32 7001
15 46 666
79 32 2355
110 108 11126
40 31 8635
86 17 8144
112 26 5375
92 47 3468
87 55 9614
103 23 13953
103 13 10570
82 99 3510
80 98 6636
112 51 12843
54 111 3818
105 68 1710
118 119 12454
21 6 11288
113 68 5526
8 116 14272
53 23 7770
0 23 1403
17 61 2883
105 21 4808
82 97 4791
28 113 4672
29 68 6260
87 7 13981
33 55 7809
26 109 1983
15 43 6507
51 70 13316
42 40 10071
36 109 4548
95 28 12919
109 59 3209
4 52 12490
57 71 12235
45 61 7541
13 117 6077
69 94 3486
76 92 2870
94 103 3007
77 115 5519
50 10 8866
85 64 13991
52 31 12757
115 109 4539
2 64 7139
79 93 3221
117 81 7012
98 70 9932
56 40 5380
34 48 11456
10 66 8357
87 13 1696
1 84 271
114 34 2797
7 27 14208
71 119 7927
12 105 4863
85 75 5600
105 9 13051
70 117 5023
81 33 9739
52 92 11283
65 24 10836
81 61 3043
93 18 4733
82 106 6247
87 48 1300
51 109 8774
112 1 1844
115 5 10873
15 51 1686
14 92 6252
42 30 7537
89 106 11491
47 102 5726
112 102 13259
101 59 8479
92 60 1894
99 77 9054
105 29 521
45 75 2669
15 44 11889
8 49 4931
59 90 7590
55 37 231
117 71 13839
16 84 401
19 91 4293
53 44 2273
39 110 13887
0 87 13113
68 118 5467
0 86 13034
58 91 1200
75 83 1709
4 40 570
9 26 13081
31 90 589
22 29 1444
20 16 2865
16 81 5379
114 43 13063
107 78 10284
57 13 5483
93 45 2442
50 98 9526
5 43 6682
47 87 7307
115 59 12130
118 39 881
88 65 8557
15 12 13672
15 32 7699
21 104 185
106 80 10581
80 58 1355
99 19 2518
12 5 11035
92 16 13870
76 43 1030
57 31 10012
71 81 5418
23 111 6600
46 118 1844
24 11 9492
62 89 2338
20 30 3926
40 70 5922
104 119 5435
82 19 5149
13 30 3314
16 30 6271
34 8 5373
57 76 13969
29 114 5420
74 23 4741
48 35 4599
39 115 3146
74 59 13849
106 96 3253
86 50 3291
107 110 8942
118 84 9885
59 79 122
107 33 8843
89 49 13717
7 78 5332
44 56 154
26 93 13634
10 53 12362
77 48 1627
80 26 7523
115 48 9336
46 105 13978
53 94 13939
38 78 5553
26 87 8580
46 88 2284
36 15 3913
35 79 1392
24 51 13926
108 51 11746
67 89 6944
43 47 9609
52 2 5444
27 42 8393
53 98 1677
54 55 8581
115 76 7394
25 53 8367
87 57 12420
117 111 13202
9 90 4361
59 4 11150
101 94 7967
3 11 10366
100 49 6415
13 37 1873
18 110 5713
40 46 897
118 42 1210
114 92 1082
112 89 14067
70 18 2507
43 105 8741
28 87 7710
52 47 9600
42 57 11503
42 69 12123
76 78 669
27 77 10229
93 8 901
59 92 7828
69 91 7778
53 6 6349
81 60 1362
118 23 4190
66 11 13742
77 61 10782
71 22 3999
9 99 7959
94 25 2263
112 115 204
53 26 1505
85 10 13041
112 113 6982
41 101 2095
71 1 2833
15 11 77
118 103 11963
32 45 7063
111 76 6650
95 103 7038
1 37 6161
9 108 3771
73 27 4859
104 55 6597
54 30 2873
104 46 11419
24 41 11110
86 1 9081
44 6 2130
45 89 6527
112 32 3501
65 1 960
58 33 8023
7 80 4625
95 102 5099
55 92 13541
62 41 9842
32 68 9352
24 46 13027
43 61 8763
59 66 10693
92 96 2492
89 113 64
67 82 7887
84 21 10327
52 60 126
18 85 5390
86 79 4176
80 99 1469
115 29 9780
98 65 3038
98 68 11486
71 39 4839
62 33 49
10 26 13440
35 111 4697
0 110 6006
11 75 4253
23 107 8438
89 52 14249
30 83 452
28 12 5706
74 38 3494
15 60 2243
24 33 13238
15 14 1404
55 90 13506
59 87 9886
74 5 5544
43 104 2223
106 4 7407
41 22 5680
45 39 10546
84 11 12810
37 73 13072
77 104 13161
68 74 6996
71 96 1225
36 12 7608
47 55 14276
96 49 8830
117 88 3759
95 84 10270
53 71 6897
55 70 7378
78 60 8621
98 71 6357
92 10 11237
77 119 12628
3 102 8647
83 68 4940
29 10 13594
44 70 10900
114 75 11256
112 106 53
40 113 8563
4 78 5692
83 62 667
108 90 709
72 94 6875
63 9 14222
84 10 12140
42 86 8886
84 71 12083
51 16 9630
53 73 5280
85 95 9733
64 40 10500
25 88 11404
14 84 13115
104 35 2284
9 93 10185
65 12 13120
27 83 140
101 25 2740
30 9 8139
109 65 10862
64 3 5970
59 113 1044
40 62 13415
76 69 3338
117 37 397
72 2 12784
118 106 12521
110 41 8056
73 87 3119
75 52 5207
110 73 12385
54 109 1430
5 14 2877
52 101 8907
29 116 5945
84 15 5557
94 12 5807
8 75 7359
54 119 14047
45 13 13631
105 111 9767
54 84 12314
8 94 5418
23 14 4137
54 83 2708
117 43 11587
119 17 3247
110 54 1500
58 66 14179
66 82 4483
30 92 5289
107 65 13929
1 41 1836
28 99 2765
28 79 3417
72 88 14196
56 63 12806
18 76 6450
101 117 10941
27 107 11219
90 57 10878
103 114 12424
76 101 10471
105 31 8555
6 99 9190
111 91 9579
116 92 929
52 119 3380
74 79 7051
40 30 8057
34 54 4414
93 42 13913
1 26 10547
109 58 6372
76 58 7887
75 10 9679
63 44 3043
16 55 1046
72 73 967
36 105 5506
83 70 62
11 115 6892
26 64 12831
4 36 3361
55 72 6912
86 15 12748
21 18 2361
93 95 10369
46 86 11929
78 103 6513
110 76 14279
65 111 3163
85 55 7995
38 58 13281
66 71 6598
91 115 4731
63 89 13046
41 20 2282
77 53 11730
93 27 2479
112 57 12743
22 12 5641
17 55 13409
49 77 13152
112 54 3611
17 82 12692
40 102 4867
94 24 5174
26 98 4240
23 27 9186
63 1 2981
56 41 7319
52 54 3219
21 75 755
20 56 13493
73 94 8885
24 48 4603
24 20 13099
19 41 12283
71 61 10699
54 42 1079
46 82 12498
8 22 4955
88 77 9515
74 0 9213
119 108 6574
32 94 8369
108 101 2742
39 82 12709
38 89 378
53 15 6055
34 94 3630
115 41 12985
87 107 3821
26 72 14189
103 97 13465
116 105 7787
72 15 2134
79 52 12082
56 79 155
57 55 13964
31 47 3914
64 95 422
93 19 10170
73 76 32
12 61 2087
61 76 6921
47 71 5134
99 37 46
74 11 7509
4 61 6592
51 111 11921
15 59 915
61 103 12576
91 102 698
119 41 14142
3 29 3502
48 110 13185
114 85 8421
57 22 8744
21 22 2532
32 3 13304
9 74 7223
100 74 11973
54 65 5100
17 109 12014
106 6 11773
10 98 11105
16 17 472
85 69 12671
1 82 1543
105 18 8408
16 50 1142
23 47 13252
13 25 602
34 101 12919
2 51 5160
118 55 3967
115 46 2913
13 10 1077
6 60 11152
17 50 7826
72 14 5189
58 117 3776
58 54 2812
102 80 7937
103 8 11156
78 110 11573
15 8 11531
0 38 1541
49 78 2040
25 114 12160
86 36 895
114 116 2391
14 114 10083
6 41 7507
114 49 13312
23 46 1944
20 61 11294
60 61 3549
105 71 10261
100 91 3302
52 24 10468
104 51 7293
24 21 13374
60 17 1553
79 33 8527
4 34 6331
55 21 4193
56 78 5979
113 110 3363
56 77 6416
25 45 9111
106 78 7916
5 65 1794
8 65 4811
24 2 7107
