30
368
5 14 329
14 7 215
5 22 482
11 7 1
2 7 16
9 2 699
17 14 30
9 23 767
11 21 363
20 14 124
7 15 547
14 0 160
12 7 132
2 16 70
15 6 381
8 2 808
24 0 57
25 11 761
19 6 829
17 28 202
23 26 89
19 18 232
1 25 816
11 3 675
19 13 125
5 4 489
27 4 305
10 7 833
29 25 360
26 27 429
27 28 209
21 9 116
29 16 185
19 1 467
29 13 108
29 19 577
3 10 458
23 3 577
25 15 750
8 6 463
12 27 364
11 9 39
24 9 346
28 26 510
11 28 2
22 24 450
5 17 236
27 22 514
23 5 740
19 21 3
29 6 423
9 27 480
7 23 109
20 22 494
16 20 69
28 14 463
14 24 661
13 15 627
22 16 661
20 2 705
5 3 762
25 14 249
11 2 385
12 0 855
10 23 21
16 27 530
9 8 213
15 19 429
18 21 752
25 13 500
25 21 427
3 4 507
2 3 705
22 6 282
26 19 297
17 1 116
3 28 564
10 1 552
6 14 444
24 20 166
18 4 730
10 22 524
5 16 866
25 0 131
29 5 538
14 23 581
11 6 227
13 18 415
0 13 106
16 6 816
0 11 150
24 18 293
7 25 62
1 28 816
7 24 660
7 13 540
27 6 751
3 16 640
2 12 567
8 1 20
14 11 466
1 4 858
15 23 136
7 21 150
7 18 720
17 20 650
21 26 27
11 1 448
9 28 48
11 12 120
10 0 433
1 26 39
21 24 839
17 22 176
20 1 234
5 28 865
25 18 243
1 2 711
24 25 734
1 5 400
3 7 727
0 6 395
27 17 468
29 18 626
16 26 39
10 14 464
28 6 177
1 16 634
10 8 816
19 16 787
12 29 449
18 15 819
3 17 113
10 28 450
8 23 681
7 9 565
27 29 404
23 21 171
8 4 481
25 5 258
24 27 187
11 5 334
24 10 485
8 20 536
20 21 186
22 14 677
12 16 344
10 19 191
19 25 173
10 18 85
0 15 586
22 18 379
27 8 176
9 15 336
29 17 507
6 23 61
9 16 340
22 28 165
10 4 702
1 9 303
26 14 288
22 29 181
29 2 821
29 7 715
9 25 658
7 8 582
13 1 67
20 23 400
13 14 394
0 19 694
12 18 846
28 24 27
20 25 418
25 23 173
11 26 691
25 2 49
26 3 33
8 21 437
26 25 365
16 21 774
3 0 422
27 1 62
26 4 90
5 24 786
21 2 58
14 8 207
18 0 177
5 0 169
10 2 133
16 10 147
14 21 668
16 28 741
7 26 812
4 19 303
13 20 744
1 24 710
12 5 121
10 12 362
4 7 319
22 8 719
4 24 193
13 11 587
19 5 700
8 11 185
11 18 200
23 28 678
6 3 346
21 29 634
13 24 730
27 15 561
2 28 533
4 2 313
27 11 331
23 17 594
28 19 434
3 12 325
21 15 582
2 15 792
10 21 183
15 5 352
14 18 505
18 2 670
11 19 338
19 9 527
8 16 35
9 4 375
16 7 202
29 1 547
15 14 290
25 4 378
29 20 48
15 20 416
12 8 721
28 12 663
16 23 662
0 16 464
18 26 273
15 24 209
3 8 848
27 3 596
25 10 36
5 9 12
4 17 611
7 0 401
21 13 829
12 26 607
17 19 600
9 29 369
28 4 201
6 10 375
10 15 565
6 26 279
27 19 231
13 27 193
11 17 511
16 14 163
18 28 141
17 21 785
12 20 11
17 15 155
0 8 52
19 24 71
6 12 257
14 1 384
6 21 526
10 5 661
20 28 617
19 8 443
28 0 774
13 17 283
16 24 64
29 4 426
23 19 334
1 0 356
18 23 512
11 4 268
26 0 383
3 25 371
21 28 651
12 14 292
22 25 111
26 10 70
0 27 307
6 17 536
1 21 90
2 24 482
18 1 837
21 5 378
8 29 23
0 9 143
12 21 161
4 13 739
5 6 462
7 1 270
19 2 762
3 21 311
18 3 0
22 11 531
12 17 310
2 5 443
27 10 681
16 13 59
15 11 437
3 14 294
3 22 65
17 26 353
17 24 694
25 16 422
29 10 832
22 9 671
16 4 215
20 5 603
3 24 210
18 16 240
13 12 239
14 9 560
18 17 213
19 22 522
16 15 440
19 20 758
22 23 696
4 21 138
4 23 228
26 13 66
4 0 299
12 4 593
14 2 31
8 26 142
12 23 732
28 25 302
8 15 704
29 28 794
29 14 545
7 5 620
4 14 462
24 26 356
21 22 502
27 18 846
6 20 283
2 0 629
6 1 704
20 4 701
7 17 783
15 22 205
21 0 817
13 6 251
13 8 267
12 24 387
29 26 714
8 17 589
0 17 191
10 13 607
1 12 384
3 19 155
4 22 601
1 15 835
3 20 782
9 18 131
3 29 493
8 25 370
26 20 616
25 6 88
20 10 629
10 9 321
29 11 550
26 2 759
25 27 799
12 15 752
