80
2677
18 16 4906
16 19 1181
18 74 4735
61 19 1450
74 6 1536
16 20 780
70 61 3642
16 12 4188
18 27 6279
52 18 2091
70 49 2875
51 16 3994
52 33 1216
3 19 1923
28 51 5967
19 73 3558
32 52 1173
46 3 4750
74 75 3315
74 31 4492
19 58 4684
19 23 4678
74 15 1862
35 31 1883
51 7 4567
47 19 1775
23 72 2436
70 65 1247
77 72 3610
54 32 2838
79 73 1124
9 75 3062
6 5 380
45 77 2996
79 50 3793
76 33 1327
34 75 4619
49 24 5071
53 31 7
16 21 746
31 38 250
1 38 2566
60 6 4706
18 37 836
70 63 4617
39 46 3533
30 63 4837
29 16 6274
26 60 479
32 0 3201
79 59 4000
19 68 2174
78 77 1805
55 21 2736
46 13 2165
27 71 5698
65 62 1016
56 71 309
28 4 6276
69 31 3979
12 48 3485
42 62 4683
4 67 221
51 66 1340
41 63 4177
24 25 1806
2 27 3015
61 64 5790
57 48 3602
8 42 345
17 9 6248
38 44 4279
38 36 1360
12 40 3038
32 11 4688
14 39 2218
28 43 5773
0 10 1697
22 66 3309
21 58 4547
56 59 1575
73 22 5656
9 25 6037
24 35 4903
32 10 481
5 13 484
56 48 1980
7 46 6233
29 33 745
5 46 2531
1 20 1561
1 69 1160
9 15 3513
22 75 1105
7 47 923
29 43 5550
77 44 639
79 63 2385
69 29 2299
20 52 122
22 56 5412
11 57 5709
79 44 5256
13 70 6097
72 18 156
10 15 4580
62 33 3625
2 13 3127
10 5 403
2 45 4742
35 33 5617
64 34 185
11 10 1429
9 16 5124
65 52 4459
62 58 3692
7 20 1598
16 53 5821
38 0 5690
12 68 5938
17 27 5994
62 8 3790
16 75 6255
19 35 262
5 58 3868
24 54 1061
59 32 394
53 56 3119
26 34 3208
59 57 2812
28 6 4405
73 14 1945
47 45 4923
57 77 1709
2 9 882
44 12 2644
71 72 6258
28 77 2616
69 16 5989
41 26 2053
58 54 4832
69 42 3511
43 40 2328
57 35 3073
69 28 1037
13 72 1137
69 72 3299
11 24 494
76 71 2890
39 37 5413
47 12 5249
67 64 2672
13 20 1665
72 73 3810
6 76 1745
46 37 2892
75 50 1261
0 5 5345
55 29 5937
38 49 1012
7 63 2885
77 59 2867
0 21 1046
48 66 5698
2 59 4125
46 28 4318
3 47 4864
62 45 2304
14 45 1808
23 52 1435
21 7 2112
73 64 2784
42 54 3637
72 46 2010
2 56 1238
67 25 1255
73 78 5604
31 79 3987
76 72 3923
23 28 2290
10 35 4793
59 78 2841
76 37 5208
17 72 4980
26 1 3488
31 62 1328
64 76 3577
11 69 2391
60 71 4541
72 12 5510
58 8 1568
75 23 1196
42 65 690
26 48 3330
60 56 3002
47 48 3282
29 35 455
67 3 4866
25 64 23
8 76 1512
77 76 5226
4 23 138
36 64 1399
9 28 5066
10 48 2820
56 5 4874
76 17 5650
67 27 1620
0 31 430
68 20 4495
42 38 539
78 24 2553
50 7 3536
59 72 3626
41 23 5584
66 18 2125
62 41 4498
74 51 3061
29 51 4114
50 11 6142
68 5 1133
66 29 6053
61 60 1442
3 62 4492
1 4 589
57 58 6111
8 43 5946
64 10 3376
41 70 5970
41 28 2298
20 65 4926
13 60 1382
25 27 1016
76 46 5970
65 71 1568
46 55 3947
37 27 467
42 74 95
71 15 1312
57 50 5298
40 2 687
47 38 4527
35 62 4792
69 71 2788
51 19 4221
21 72 3342
47 26 4668
5 57 326
64 63 1782
11 38 3695
74 8 5051
41 47 3220
3 2 5920
55 13 4681
6 25 3002
33 37 4750
33 25 4325
50 51 2196
75 2 3959
63 12 5017
23 64 1489
43 34 2830
69 34 5129
4 20 124
44 58 2477
44 40 3314
14 19 4951
47 73 5306
19 71 3532
7 1 5622
71 23 3549
43 32 2674
13 11 813
61 23 4332
58 71 913
17 51 471
53 39 1166
8 73 2085
38 64 5622
75 66 998
19 75 2185
25 75 2038
41 15 1964
73 51 5868
36 0 4876
1 29 1254
45 6 5548
33 69 4952
34 57 5962
67 35 5951
71 9 226
8 1 4930
27 13 4197
77 2 4873
67 39 1998
31 65 4351
36 23 5302
25 52 5385
33 2 5708
52 28 5275
56 9 1855
10 45 5595
61 7 3559
63 18 534
43 58 2894
6 63 4130
55 4 1462
30 1 3871
59 47 2575
7 25 5866
17 16 6123
50 52 4725
32 22 1665
0 30 1417
76 74 3212
34 27 2539
64 6 2829
38 61 3030
29 21 4586
9 64 35
20 5 1303
26 58 238
57 19 1449
8 57 3527
40 55 881
7 10 4971
46 58 2312
30 31 3306
51 56 5225
63 20 4140
55 38 5916
73 33 3365
13 29 498
34 77 4301
16 22 5995
16 24 5281
48 27 297
13 59 5952
6 47 1972
57 45 4315
14 25 4866
41 19 2136
78 40 5754
9 69 4824
36 55 5796
27 52 5175
33 70 3347
25 28 2680
7 67 1191
35 43 2006
10 55 1665
66 76 3184
63 22 3711
25 73 3922
37 16 3017
18 34 1935
58 30 3091
8 26 3955
45 22 2481
76 22 1942
13 34 2275
22 53 1509
61 67 5708
67 46 4511
77 39 3874
74 45 5376
50 17 5355
37 63 4315
34 68 3934
28 15 130
69 76 3937
57 74 1448
26 36 1441
31 67 5007
39 23 589
78 43 5783
28 79 4791
15 23 3909
63 35 4923
16 66 4775
56 33 644
74 78 1385
1 16 3342
40 15 185
41 37 2594
19 29 2961
36 72 2747
55 14 1587
24 30 3330
36 53 5992
71 54 3797
39 12 2431
59 52 2999
70 34 2079
48 53 301
0 28 2095
42 76 403
33 45 2767
14 33 2013
36 78 2569
62 67 1846
40 25 4376
23 45 2621
75 71 279
47 0 746
8 13 6219
64 18 3126
78 13 45
5 41 1739
76 58 5185
48 1 2198
59 58 1867
58 13 414
32 28 734
33 13 3931
53 25 4506
69 59 1175
73 58 5653
35 71 1228
36 63 2510
32 78 3593
65 72 5016
8 30 5485
11 2 4749
11 70 1180
74 5 5714
25 72 2091
3 6 1623
69 5 5279
14 70 1300
26 13 1302
21 23 931
30 16 3891
56 52 4113
6 79 1250
23 44 134
18 79 1805
54 27 1234
43 22 4134
2 34 5656
46 22 3238
78 79 1396
59 49 285
35 18 5380
55 7 370
45 29 5878
62 24 6236
75 31 2612
28 35 0
24 17 4715
71 46 4489
62 9 1651
11 63 2887
21 28 3910
73 16 1080
51 71 4699
48 29 4443
60 37 2493
43 15 6192
73 21 1465
62 18 5806
54 50 6292
48 63 842
19 67 4974
67 71 5162
15 25 4443
55 28 2356
3 77 2801
50 36 791
0 67 5973
53 28 4961
21 59 1596
42 27 388
73 52 1540
36 79 3334
2 0 1816
42 24 5585
69 15 1928
8 0 5533
9 24 3118
18 1 1064
32 24 2057
68 28 2764
58 72 168
36 43 4352
21 69 383
65 17 4465
78 3 1229
71 18 2347
6 55 5966
79 52 1748
50 16 2929
74 56 2393
74 44 3683
4 27 1343
20 64 1111
74 13 5183
27 68 4329
54 68 3619
63 17 1622
0 54 928
14 21 5125
78 65 3501
19 10 3203
22 35 5829
48 14 4052
33 79 754
37 55 5170
55 57 2087
48 33 3887
25 32 2239
16 39 4614
60 21 1552
41 68 5823
73 12 2064
75 12 6039
72 7 1305
75 54 3748
63 4 799
55 32 3707
39 64 2344
4 25 5169
76 35 3388
47 44 5131
33 47 4462
4 70 3884
22 11 23
0 25 406
22 13 29
68 48 3724
77 73 2591
0 46 6280
49 28 1462
76 0 6120
26 6 2399
70 21 4320
34 28 3815
65 68 2783
25 63 2844
5 49 1063
33 49 2928
66 53 3174
20 59 1080
7 75 2615
31 22 1145
70 71 541
2 20 5079
33 72 5092
29 28 5898
2 52 3282
55 72 2236
46 10 4709
59 23 2673
20 37 354
14 30 2183
53 76 639
7 48 3955
43 56 244
65 25 838
25 35 5046
78 14 4243
44 2 4315
24 23 2142
38 51 4810
37 11 3946
24 76 4056
10 60 1525
36 19 4648
77 15 6281
2 49 2740
25 76 1192
21 33 5519
46 8 4228
69 60 2678
56 30 352
41 76 5162
67 53 4138
66 4 5813
26 56 5670
52 42 3424
50 25 180
7 56 708
12 8 1212
65 1 3002
40 0 1558
17 64 3403
8 49 4385
44 49 3791
24 46 2062
13 39 1304
17 0 2742
4 43 962
79 53 544
66 25 4151
36 22 4429
57 23 739
6 62 5094
63 28 4944
59 65 2763
11 31 3534
27 51 4874
53 10 3816
67 75 2495
22 29 5464
37 49 2245
63 46 1174
16 72 1314
64 53 2132
20 10 5503
9 78 2003
78 35 3348
11 60 4365
27 61 423
34 36 1419
63 32 3511
48 55 4614
79 26 3831
73 54 1770
48 54 4471
67 16 2566
15 8 3399
21 65 5949
21 66 2643
41 29 1634
47 2 569
57 38 4359
37 71 2153
3 41 102
71 57 5947
21 68 232
53 51 5416
63 57 5326
61 53 1696
1 78 1040
12 60 2455
46 56 5949
15 32 4930
19 30 1890
12 59 1585
8 27 4982
47 25 1133
75 60 587
74 24 2965
63 56 6144
68 43 6164
34 54 4942
72 8 2068
40 17 534
16 65 6207
56 66 2529
21 1 2637
60 77 2877
66 7 2298
42 46 1931
6 4 4109
78 45 4137
70 51 3626
29 71 2649
5 67 2216
30 40 642
0 24 3412
17 41 4508
79 30 1022
55 53 1519
22 15 5724
71 52 3527
12 7 5481
37 14 6098
8 33 5548
20 38 3136
40 4 135
19 13 1617
45 26 763
28 37 3440
34 14 1425
6 50 2035
13 69 857
4 72 5386
43 49 6311
55 16 4286
30 60 93
55 64 986
79 60 2002
40 79 4348
10 28 5333
37 52 1184
4 51 4330
11 4 4028
63 2 5391
4 49 2536
60 24 5779
24 37 5239
17 19 1614
23 77 1556
69 25 2684
77 53 5014
54 74 4534
51 9 4754
25 26 5779
76 48 3170
71 21 1257
32 49 4010
52 29 4311
43 11 847
69 0 3336
1 35 62
54 53 2913
2 65 6252
51 20 2388
32 4 332
32 69 5209
26 67 1477
37 3 2515
12 27 2320
79 77 5575
43 17 1247
28 44 4502
39 71 2654
20 44 3701
0 37 3718
38 60 5255
61 56 6117
58 39 4253
43 55 789
33 39 820
35 49 1718
78 50 319
24 45 3741
13 32 4145
57 70 6067
49 48 2074
33 3 1648
72 10 6258
26 18 1680
54 60 5066
26 14 1753
9 40 1415
30 20 1909
63 26 1867
33 10 3935
23 33 3950
36 76 4971
72 44 5809
5 12 5653
38 73 5653
55 73 1584
66 9 4259
49 46 1290
22 37 1173
39 19 1380
77 13 5152
54 10 238
21 11 824
36 2 1824
23 16 6233
31 72 427
5 15 1141
79 45 2634
18 54 1608
48 59 4652
20 25 1611
49 34 386
14 27 5569
61 73 250
43 50 4331
78 63 1184
1 34 2006
55 15 5706
43 54 891
55 45 5810
19 55 5444
48 62 926
3 76 5566
33 27 2295
21 5 5958
70 18 852
7 6 5770
66 77 552
30 42 760
41 43 2127
22 3 234
32 21 2611
33 65 2203
74 55 5129
10 61 958
12 61 3687
35 12 2479
79 42 1711
62 11 3759
70 17 4235
56 54 2581
40 53 1280
6 41 3885
71 68 5993
54 4 3614
25 46 2032
51 46 691
34 10 792
49 14 4120
56 14 2243
57 51 4544
25 29 3477
10 63 2301
32 47 4940
63 16 1274
26 38 314
44 29 6081
29 54 2898
35 70 5695
24 8 3739
66 1 5974
68 15 3268
72 54 933
47 35 4908
23 70 2190
27 53 4470
74 34 4152
25 23 1978
64 15 4292
70 42 2877
29 76 2446
38 7 5554
42 47 198
73 46 2558
0 63 161
78 51 3368
25 2 6097
59 22 2534
2 30 2608
46 53 687
43 31 1575
32 76 268
22 6 5086
53 1 3591
25 12 5397
5 62 401
26 19 2051
60 18 5762
79 29 4732
24 70 3973
7 40 2215
48 30 3701
3 70 1862
29 37 2886
10 25 554
66 59 1014
1 25 359
23 47 5640
48 52 4361
70 16 3552
38 63 4374
28 26 4482
10 59 578
75 48 4506
29 15 783
65 58 1410
73 76 2510
59 53 2821
36 74 3062
31 21 2285
20 57 4470
76 15 2944
27 59 3148
2 48 6167
13 62 975
7 58 5254
50 76 4357
59 6 1344
3 59 431
49 15 3618
24 20 4583
29 36 6272
0 39 5523
61 18 2070
66 37 3768
50 55 5518
10 12 3072
78 5 2035
23 37 2489
1 19 3556
24 34 573
66 43 794
33 40 5263
61 6 5028
59 42 840
16 43 5641
13 42 5904
66 69 245
76 11 4873
11 23 1077
27 7 3099
54 5 4613
35 38 2811
59 70 4666
9 36 5822
25 16 1787
31 3 2261
2 7 5649
46 20 4401
61 0 4185
72 3 2664
57 67 1419
60 31 6180
32 18 1608
66 50 1739
28 2 2066
54 44 959
67 40 5482
54 12 3349
76 44 5630
2 19 1330
42 50 1845
70 31 4092
21 35 4238
32 50 3348
0 49 2587
54 61 1962
45 3 5893
77 8 6301
61 17 3017
13 43 4812
24 52 2111
13 16 3711
11 35 4588
57 44 452
76 55 3757
24 3 1920
68 11 5540
7 62 6023
49 78 2468
77 51 2351
64 7 4143
44 43 708
8 68 6200
23 27 6310
22 52 3910
0 11 2480
50 67 6183
45 42 486
15 72 1185
77 38 5847
18 2 158
22 61 5803
25 70 4749
77 21 6106
12 67 837
15 14 4686
11 64 2772
78 12 2010
61 9 1440
32 35 4218
12 26 3526
46 69 4055
30 65 5913
5 3 6080
37 54 3695
31 42 294
34 52 5746
24 51 4667
14 18 1538
48 44 151
29 23 568
25 55 1532
5 52 3546
42 58 4980
57 69 2950
73 1 4123
44 75 2344
23 12 5986
36 24 3356
9 13 3130
21 6 5843
75 39 1497
64 56 2008
52 78 1339
68 63 4964
30 28 2332
2 73 791
66 26 643
23 63 1821
34 11 4631
43 42 5204
20 72 5276
13 73 1801
44 46 1012
17 55 774
45 44 5651
12 45 1722
52 19 359
76 45 3434
27 65 1981
17 59 265
36 42 5402
13 31 5574
65 28 2368
73 67 1528
10 69 1510
63 8 2548
19 38 4207
73 18 4013
47 46 1639
13 68 2673
63 21 4230
72 1 3032
68 26 3964
28 45 3337
15 46 1408
29 0 3615
31 78 4225
37 38 5256
45 17 5746
23 66 6249
17 52 1678
4 79 5573
40 23 3592
44 69 1679
69 74 564
40 14 3312
68 37 1528
25 51 5756
58 25 2161
70 45 5683
79 27 649
45 73 5947
20 50 5294
39 34 2437
69 6 4880
16 49 19
14 31 5234
28 17 5516
24 79 5120
71 47 1949
45 69 1834
62 29 6107
59 30 411
10 21 5491
41 79 5340
24 44 4774
3 75 2551
47 77 4995
47 69 4647
64 75 1750
31 17 2996
43 61 774
20 12 263
1 70 5062
49 42 1577
26 21 5611
34 5 2113
53 26 3961
49 66 5075
10 77 382
59 43 4164
66 0 5302
12 3 708
48 65 3771
68 17 278
9 74 4843
21 51 2219
27 62 6183
40 32 6249
31 50 364
7 16 2179
38 76 2770
31 58 1752
54 14 1071
71 10 5410
45 49 4385
28 12 5008
44 65 5340
19 42 3655
78 21 6004
39 57 4342
45 65 4581
78 70 2143
37 44 5667
57 54 412
68 31 2989
15 30 5788
69 37 3450
2 4 5376
48 0 4329
77 30 5174
3 56 3160
62 64 3575
35 69 984
77 22 6304
23 22 5018
11 18 4943
69 49 6209
22 5 2909
60 8 2550
29 38 5422
37 12 5047
76 12 734
60 65 2184
68 60 5996
59 62 2167
8 21 2678
32 72 4604
69 18 2788
42 7 2509
27 66 343
15 58 2699
30 11 442
14 74 1440
61 72 4544
74 59 3875
75 21 2454
8 29 1606
15 50 3665
21 27 4475
35 51 4222
47 8 2226
43 1 2660
10 41 947
4 73 2066
5 47 5836
2 37 3356
39 69 4897
13 45 3816
48 8 6304
77 68 3655
1 22 5185
43 39 4722
32 8 35
71 44 4686
18 5 3966
60 20 2760
17 42 6096
32 57 5694
16 5 3199
40 59 1824
75 49 6214
64 71 6250
74 67 5656
53 47 1028
41 2 4172
35 48 1977
19 63 1153
10 56 3554
73 70 3714
1 57 773
11 46 499
60 44 5064
39 44 29
39 76 5310
29 10 214
27 19 4819
17 44 4781
52 53 641
9 26 2148
14 9 3942
63 76 2059
70 79 1829
30 38 4655
55 69 3605
37 1 1744
15 62 2997
74 11 5839
34 48 6066
34 38 5988
18 28 1090
62 30 5260
53 68 5640
37 43 3221
56 45 1538
39 74 1142
28 1 5571
54 17 5640
71 63 3971
46 66 2715
14 68 2297
24 26 3140
13 21 4289
71 20 4748
24 4 5685
13 37 4697
54 15 4805
22 51 3957
17 15 1300
0 9 5193
76 4 5362
26 72 6039
29 20 5205
78 68 3426
72 30 408
1 60 5101
18 20 4268
59 9 582
64 2 2827
74 10 4318
19 65 764
42 21 354
11 12 4502
76 59 4161
50 77 152
64 44 5757
26 71 207
4 56 3813
41 78 3010
4 62 3642
28 19 6146
11 48 3158
63 5 4857
77 4 5716
67 17 3905
66 13 3592
6 38 4511
35 23 5007
1 5 182
8 44 3866
1 24 5417
5 27 3359
47 30 1583
61 14 4791
51 58 3006
35 66 4642
64 19 5922
12 4 1872
54 67 4633
40 75 2665
24 77 4560
57 60 2063
37 61 2034
33 20 616
12 29 2630
36 8 4942
7 26 4795
31 51 5539
72 52 3318
71 66 82
42 48 5634
0 59 885
53 75 3596
62 40 3791
51 48 3337
8 50 1051
41 18 2709
59 33 3032
51 54 677
46 14 5494
0 7 5062
70 55 3676
7 60 4320
65 54 5369
4 13 1995
65 66 5005
5 11 2443
34 60 4721
57 21 5998
62 52 2734
61 11 3635
27 64 2991
39 52 5688
29 67 3581
72 48 1620
9 47 395
38 56 3286
77 46 3904
4 17 4955
68 70 3345
33 54 3326
30 5 451
19 12 4774
28 40 6281
18 43 612
21 38 3806
0 56 5196
31 18 3077
43 38 2829
64 31 5266
58 24 3195
21 19 5838
42 72 2189
46 61 5526
41 12 939
63 45 1624
40 61 1471
3 60 5870
70 40 1661
60 64 5643
41 71 5560
49 47 4494
6 12 5107
27 15 4021
42 78 2400
6 27 2469
37 36 372
78 19 4790
43 67 4740
79 37 1024
36 27 503
39 17 4
53 4 3736
52 66 3567
52 6 3456
47 58 2737
63 43 6262
43 33 2806
10 8 600
15 44 4119
54 45 2822
6 0 3722
63 59 1315
54 52 5964
52 35 2932
27 76 4360
46 43 1531
21 36 2968
49 18 3762
39 3 299
38 46 247
33 64 1239
72 24 5409
64 37 6079
49 64 3130
35 17 5443
2 32 2687
40 58 477
53 41 2073
30 61 3957
13 3 729
19 25 4121
32 64 4518
38 72 5282
14 12 331
58 63 481
39 29 1242
66 34 5477
31 19 1184
57 26 1136
71 13 248
50 53 514
63 55 591
11 7 1595
69 27 2266
46 26 1663
8 71 3638
27 3 3252
28 50 5867
1 36 5733
2 29 4721
27 10 271
36 48 853
9 72 5965
44 9 4311
29 40 114
11 41 952
71 77 5583
59 7 596
71 4 5926
73 29 754
64 45 5295
0 71 2472
16 40 2603
71 7 4141
31 24 2140
66 30 4719
18 24 3273
68 46 3932
34 16 652
57 16 2506
46 62 5496
7 30 3783
52 26 1056
31 10 938
75 13 5268
17 29 4827
68 66 321
66 17 5222
71 55 3168
7 13 1037
27 50 38
78 23 3031
23 43 2362
8 65 2862
79 76 556
3 23 2088
60 47 5370
31 16 4544
22 12 2736
36 73 4805
11 14 4832
34 53 5414
53 65 3682
35 15 3291
77 61 1295
77 12 2564
6 32 4927
45 50 2166
71 6 331
61 45 4250
3 35 4437
3 61 3757
30 6 5271
18 10 2698
69 75 1925
8 79 4745
30 45 4766
23 67 3645
45 60 4256
72 66 3612
16 59 941
63 67 1257
5 40 6094
50 69 3639
8 67 1777
66 39 763
22 28 5422
32 53 1549
14 41 5595
37 67 5293
44 31 10
79 21 1035
24 64 3891
38 32 4892
39 32 1330
68 51 2186
46 50 1630
4 10 5840
54 1 2562
66 79 6158
32 7 4559
67 47 2999
3 1 579
22 79 6119
59 64 495
67 45 6272
73 11 2956
30 9 2544
28 64 4836
70 36 5762
74 77 1173
55 75 4009
73 6 269
51 47 1889
9 37 1363
60 14 5274
11 65 2331
3 42 1526
6 14 2467
59 18 4276
47 29 1967
64 69 3676
28 8 4995
78 69 3925
37 75 168
67 33 1396
21 74 520
33 1 2525
56 35 4217
76 60 6201
19 76 504
59 54 4698
78 61 1600
42 5 5615
70 69 697
76 28 20
7 5 5549
19 37 3237
55 11 2215
61 4 1383
24 5 5752
45 48 1659
47 21 509
9 23 5798
4 33 4683
4 37 4971
60 42 2977
13 18 6003
8 17 578
9 10 4977
45 52 2717
66 24 5340
15 19 6299
0 53 511
56 78 38
0 62 141
14 76 61
32 37 2534
41 61 2621
0 75 2604
69 52 6064
50 61 4155
20 69 1455
10 66 4460
15 4 2982
24 50 5036
31 8 2556
39 38 5289
8 22 2911
36 3 1143
8 78 2028
35 40 6098
14 20 751
51 30 5601
68 62 3636
42 53 2850
64 50 5167
36 41 4620
4 30 6149
69 62 1306
71 43 1524
52 58 2340
65 24 499
10 65 446
45 21 4941
61 29 4174
68 38 1635
26 10 902
3 30 6113
18 51 5279
50 65 4818
55 0 4815
27 0 2542
21 15 3835
39 9 4913
73 20 2524
39 61 5294
52 13 4987
8 75 2896
4 52 2286
66 45 4936
77 43 1173
78 33 1263
13 79 5342
19 22 711
49 23 2273
13 63 3258
60 50 2817
76 30 3705
15 79 4253
35 36 2855
28 5 3211
10 14 2953
34 67 2135
49 67 321
68 32 1271
62 57 6153
63 73 1623
38 78 4688
52 64 5955
57 10 2539
78 76 4747
40 42 4603
20 41 1670
2 74 3736
17 13 1817
0 13 5525
79 3 4575
77 9 5560
32 60 6066
44 61 5931
69 38 4849
20 62 3685
22 47 2568
48 60 5581
5 4 3552
68 45 3069
67 66 4425
28 59 4721
17 6 1060
50 1 2044
73 42 2223
1 51 1395
0 22 930
38 22 227
56 77 3080
44 3 5949
26 35 4067
74 30 1236
24 53 2448
67 18 479
21 18 1138
16 44 122
17 48 334
10 62 1330
44 22 4938
28 58 4464
45 71 113
56 68 2559
7 52 5232
34 44 1749
1 23 4250
4 34 2997
2 67 651
60 17 5222
17 73 2871
32 74 4338
32 36 4148
12 13 2891
32 19 5712
55 22 5105
72 40 5175
15 75 3376
28 27 4878
36 39 594
23 65 4376
22 24 3868
71 38 3191
64 16 6077
37 47 5289
40 50 1828
47 15 3944
24 68 1449
53 49 5875
41 35 4184
45 41 4620
14 75 913
26 77 5050
39 60 4422
40 56 1929
48 24 4616
74 79 3926
36 68 1830
47 68 3707
35 37 5169
33 31 4497
63 47 1102
6 13 1820
41 30 993
17 32 5726
49 54 2888
74 60 5195
6 31 1947
61 34 901
45 4 2946
54 21 1053
70 0 1793
31 26 4599
2 46 3807
43 12 1898
56 27 3644
47 27 3958
71 79 6300
61 5 3758
70 43 5008
70 27 1503
57 12 1426
61 13 4472
5 43 2125
24 14 3287
65 39 1374
70 67 354
6 44 2916
38 12 4239
47 61 1858
28 39 3149
63 53 4222
8 18 4589
70 64 1785
7 65 1010
4 8 5704
20 35 2073
62 38 3989
41 1 56
76 16 2269
36 59 4306
26 16 3234
50 70 3140
38 58 4824
21 2 3036
48 70 5756
50 41 1282
33 28 696
18 22 5532
29 27 5637
2 10 2713
48 37 405
79 25 3797
0 26 4885
13 35 5653
49 20 5223
18 3 2676
39 35 3672
15 66 226
27 55 317
71 33 5210
45 19 1177
9 4 177
29 60 147
30 75 3575
39 79 1812
70 20 606
4 48 2174
64 58 4365
45 9 3371
73 10 876
53 60 2700
17 53 4513
42 66 1466
20 77 4673
8 35 5845
71 50 850
56 12 2539
31 27 4781
66 58 757
2 50 1361
14 72 828
65 14 2983
75 5 773
36 62 5669
59 51 5192
57 43 4521
77 25 5345
39 18 2065
19 56 5771
37 50 1979
73 28 3241
26 62 5233
5 59 6148
2 42 2304
73 34 3524
9 60 2647
48 69 5230
20 45 3819
24 19 1680
11 75 4700
25 8 5574
23 34 3657
27 35 2579
54 62 1480
70 72 1454
60 40 5715
55 41 65
60 43 4715
12 46 3090
67 79 2299
31 46 3837
57 61 3738
31 39 365
41 69 2645
72 22 5540
58 37 965
29 31 5752
79 7 6106
14 36 6167
75 68 3558
19 40 3243
26 69 2361
69 53 4059
71 1 3870
49 72 1262
57 30 5711
53 44 889
39 42 344
30 27 2888
54 40 2770
47 4 2531
53 7 2522
49 60 565
75 1 1980
39 15 4240
78 75 3668
62 47 5010
17 75 2822
1 6 2024
51 13 3782
15 34 2138
43 53 5853
34 29 4363
27 63 1989
19 79 2197
41 49 257
75 58 5753
2 68 1086
9 19 2570
60 22 4207
33 17 1466
41 67 834
52 12 4210
74 40 3407
31 23 2074
45 72 6250
6 18 5250
69 30 2495
59 35 5883
29 72 3121
11 49 3670
50 38 1832
47 28 2389
23 50 5775
7 39 2414
44 0 4688
44 30 5405
27 72 1525
38 25 2142
62 63 4732
61 1 5483
32 29 3171
2 78 1479
57 56 2885
71 16 1718
58 12 5348
52 1 231
76 18 163
74 4 4597
29 63 2485
43 79 290
46 64 1965
19 4 4828
73 53 2503
77 33 1456
76 57 337
42 28 5350
56 75 2201
77 70 4763
62 22 3979
2 26 1129
51 5 2621
52 75 3254
62 1 1174
28 74 2877
17 57 5248
15 3 4210
22 48 2894
76 40 5019
56 67 4754
24 38 3766
30 39 991
62 16 5196
61 31 3932
68 72 3089
17 5 1965
42 29 3241
38 70 741
73 27 4242
73 66 3001
31 36 1350
60 27 3627
76 49 3359
76 34 1480
16 68 2042
52 46 1805
0 4 6255
58 41 2380
8 54 3209
50 44 605
31 59 2506
11 40 1461
72 51 3639
5 71 715
58 22 1034
79 20 6306
1 15 1232
75 43 302
39 49 641
70 29 4487
15 31 5860
13 30 1161
34 41 2013
49 58 4354
70 30 1716
6 36 1651
76 7 952
56 25 5029
74 53 2086
44 19 5745
63 24 2743
73 74 2361
53 15 233
52 77 2722
44 11 238
17 2 5651
73 50 1051
25 44 2423
26 78 1227
58 34 3949
32 66 1818
51 12 1263
42 10 5876
61 75 5060
10 44 5729
15 52 2961
61 28 1712
79 9 5266
63 52 2738
60 4 3643
29 6 1518
35 75 6012
36 69 3777
36 25 3690
8 64 2147
71 25 3523
39 63 3847
38 8 1926
40 31 4674
40 1 3385
26 44 5076
41 21 2256
73 71 1814
57 68 1847
11 9 1928
2 23 101
78 44 342
23 42 2638
1 63 4254
36 18 3806
34 12 6132
35 34 4558
33 6 3816
19 5 3556
5 55 3026
22 42 5365
46 57 1008
29 46 1602
3 38 5490
59 60 1864
34 47 4383
20 3 3044
39 8 374
11 52 933
57 27 84
59 1 1898
64 65 4825
23 74 270
26 3 6221
49 73 117
39 73 2
12 15 5881
18 23 5909
15 13 4137
51 60 109
72 63 5484
40 51 5846
56 44 5666
52 10 3181
50 12 5113
8 20 231
37 21 1925
42 67 1587
78 17 1379
35 5 2409
59 15 572
62 53 4955
4 22 1685
9 27 3732
49 6 2956
9 54 1767
67 44 4572
49 10 3540
62 14 2233
52 44 854
50 22 6069
45 36 1441
23 46 2649
18 46 5301
11 29 827
66 78 1282
30 37 3149
55 39 3982
39 40 2172
72 79 3425
49 61 2262
73 68 4458
0 50 4562
57 53 5958
60 15 2183
42 56 2472
68 35 5816
68 58 4121
11 59 5318
18 4 6270
62 72 1618
16 32 4373
50 39 2465
9 50 220
57 15 2372
51 6 6308
51 42 4003
68 1 1875
65 79 2820
31 77 3512
75 59 545
30 29 5135
51 44 995
69 63 3004
42 63 885
41 33 5826
14 79 809
30 50 2386
54 77 4962
14 13 4194
71 34 5205
22 7 1423
69 8 3481
41 27 5515
48 79 3136
43 6 23
55 24 2352
48 13 4530
74 50 4153
36 28 1530
16 2 3917
72 37 2488
27 39 4854
55 58 5092
60 62 1055
51 79 3727
3 65 5455
53 3 2429
1 12 4376
74 61 2222
23 76 830
66 14 1561
42 33 2344
57 73 3157
3 11 2129
69 61 455
7 57 6301
17 37 4419
34 40 5096
10 6 352
75 76 1417
64 66 3899
74 16 4529
79 12 3320
53 2 358
61 59 1967
35 74 3426
76 61 4635
7 41 3262
9 41 6301
62 79 6145
45 34 3001
78 46 209
20 26 1852
53 19 1448
15 33 4722
10 17 3916
3 16 2681
65 32 693
73 35 5729
66 8 5397
11 19 3437
3 8 3899
7 18 3151
0 65 3309
59 44 4606
42 20 884
5 26 1335
65 63 2045
63 40 1489
22 78 708
62 74 5116
7 70 3476
18 55 2032
11 79 3430
6 19 2110
70 32 5897
9 32 3059
49 13 2830
16 14 2726
74 64 2413
24 41 5155
2 58 601
53 18 4874
17 36 2777
6 2 738
7 44 2379
35 50 2733
77 41 3469
47 65 3484
74 26 623
40 21 6039
29 3 4487
15 26 1302
11 6 5561
41 52 1701
14 32 5534
38 79 2418
13 53 2376
67 10 5069
68 59 1765
55 61 2907
2 1 3095
53 35 1107
62 66 4742
53 72 5130
64 43 3523
63 61 879
67 55 2340
43 65 2840
33 18 2622
40 73 489
23 58 1954
66 61 4055
79 55 2543
26 51 4705
56 8 5041
75 73 456
34 20 4721
31 73 4734
34 46 4019
70 62 3553
29 18 3242
65 12 1105
74 72 6056
1 13 509
78 67 944
60 36 1184
18 9 2778
39 56 954
64 78 1301
22 30 5831
65 22 3663
46 75 45
60 5 1251
58 33 5333
11 58 1339
21 62 999
17 14 2617
31 63 5910
6 42 5018
23 53 3524
66 55 4051
59 67 5333
79 46 5584
59 4 5924
29 4 737
4 68 6294
56 16 4498
13 67 1592
45 11 537
64 12 1618
8 40 6293
38 67 289
15 0 5116
39 59 1782
38 2 4782
45 39 3161
15 65 1869
11 8 3786
69 19 4102
25 59 91
57 13 3085
3 17 6223
75 47 3265
34 79 893
76 43 1690
32 71 2321
8 61 4982
14 57 1835
58 17 2740
52 3 5594
12 71 3812
58 27 2618
38 5 2272
34 37 4038
20 39 1685
73 7 1415
51 36 2912
54 70 4329
46 48 4640
55 31 4548
40 46 707
36 57 3546
49 1 1879
27 45 3250
67 9 5440
7 45 235
77 55 4102
26 75 31
24 71 3532
74 29 4
48 32 4080
69 58 6134
60 33 3601
57 33 4915
42 75 2782
63 50 4207
50 3 148
70 74 2903
63 54 2191
51 67 2264
33 44 4239
25 30 6073
2 22 86
66 70 3066
58 56 1466
53 12 5066
45 8 6237
25 34 3671
35 46 3513
61 26 327
28 11 3488
9 49 3189
21 67 4113
17 74 3096
9 57 853
68 74 5279
3 54 3133
65 40 6109
20 27 4618
22 17 5246
20 53 98
5 36 1868
70 47 90
20 6 1439
64 26 6256
24 75 3378
56 50 241
62 73 5122
72 78 6182
36 67 2950
44 63 823
55 59 5653
26 59 5437
55 65 5717
76 13 1680
2 70 6202
37 26 1530
68 18 3314
44 42 3570
11 17 3090
25 21 3343
39 4 423
48 78 4570
56 31 1425
49 12 4034
78 10 5895
40 20 2944
58 74 1259
22 10 3241
31 32 133
41 0 61
35 14 2936
29 49 3008
38 17 6192
36 4 6180
14 53 4780
73 69 3921
76 20 1401
38 27 6220
21 24 2648
48 77 2486
46 74 6013
27 26 3255
26 40 4108
1 46 6159
75 77 863
50 4 952
15 7 5800
24 15 3765
25 43 5631
77 64 2277
39 5 3670
49 19 3412
21 20 2481
58 0 1290
62 61 3380
60 67 1780
77 7 2395
57 41 3710
38 16 5906
45 38 4062
60 2 1315
74 65 3382
17 30 1532
20 54 6277
16 61 4713
51 2 1911
44 62 4900
78 62 595
79 49 5992
47 17 4379
51 10 1247
68 30 4830
21 56 4196
16 8 3613
2 12 1928
14 3 383
34 32 998
60 46 2741
7 34 71
5 37 6092
51 62 5372
51 14 5547
49 56 1524
62 43 3263
48 74 5133
20 17 616
28 7 448
20 31 2421
72 41 3155
25 57 2323
76 21 3829
50 10 4098
70 53 6069
12 0 1922
17 46 2279
6 77 240
70 44 5385
41 59 4781
18 77 5110
78 27 1395
49 77 67
31 5 3185
69 14 6242
78 37 1750
25 68 3277
30 21 993
49 52 4014
71 30 822
23 17 4762
33 0 1935
48 67 4968
21 39 2304
12 66 403
22 26 1832
21 61 5765
64 48 221
76 51 4233
24 28 3904
39 54 1209
16 15 3973
57 3 5153
15 45 3378
30 18 5084
34 51 1743
36 66 4166
38 28 2215
14 4 4547
37 51 5023
7 14 5925
52 68 3675
6 37 2581
18 42 3777
41 56 6267
62 55 513
36 56 2218
34 50 2294
32 26 1970
30 67 5460
75 45 5176
54 23 345
64 1 1748
25 5 883
19 8 694
29 26 5399
11 1 413
7 49 5699
74 41 1821
67 69 1081
72 47 3689
42 25 2812
60 23 5141
40 13 1839
18 75 4696
72 5 1363
21 22 3792
35 61 2620
34 8 3574
32 33 133
77 29 722
9 68 5350
69 2 5745
43 47 4799
48 58 2573
9 73 4424
62 17 1738
63 3 286
13 64 5507
51 75 4576
63 34 1314
65 49 5971
68 44 4960
20 75 3556
27 74 991
43 73 680
30 23 1454
43 19 2860
21 43 4988
78 29 4502
46 21 4461
64 5 301
10 40 656
71 59 4058
41 40 2427
79 16 1518
77 27 746
1 56 6186
54 55 1828
30 12 4310
1 10 3507
58 3 5196
11 39 2174
37 8 1228
62 77 3779
38 14 6305
46 33 2656
6 15 4214
57 29 2495
24 6 5774
52 38 1236
27 46 5930
0 23 1206
68 40 5428
58 35 2460
52 47 5617
10 3 1917
16 58 5665
52 21 3217
11 20 2067
49 62 2890
26 43 2588
50 68 5517
68 3 616
52 40 3225
44 66 6293
20 58 5073
37 74 3693
68 0 1272
22 71 2506
29 59 4505
73 0 4876
31 57 4771
63 77 468
70 28 683
54 46 5091
72 56 4459
43 2 3305
74 25 539
49 31 5293
70 6 19
33 74 6269
28 60 5508
5 2 2374
28 71 3765
6 9 2183
54 11 4592
15 78 5136
20 15 4075
75 36 1270
22 49 3806
68 42 257
26 70 3916
51 49 11
77 17 5751
11 67 1746
62 34 3673
35 44 258
6 75 2994
23 5 2737
37 15 1975
5 45 2505
50 33 5301
1 44 5079
68 33 2530
26 54 5914
4 75 488
64 72 321
26 65 4949
9 55 4039
21 17 1577
61 33 2894
39 78 507
47 10 380
52 51 536
24 57 899
69 12 3745
37 42 5283
75 38 5958
68 7 5314
20 55 5069
63 75 4059
68 55 2890
36 20 1283
79 35 4199
28 78 4501
54 35 1000
64 21 4948
78 0 4699
49 26 3987
65 36 2258
26 76 1134
1 32 4243
65 18 334
31 4 5653
35 45 3875
35 0 3537
64 29 5174
77 69 4432
43 74 5224
50 47 2973
47 64 1725
22 27 4225
53 11 2415
1 74 6005
45 46 1597
30 32 529
16 52 672
16 48 5132
58 36 2478
11 25 3210
31 37 5131
62 71 4455
34 55 5524
15 56 1505
4 35 3228
67 6 5226
50 26 2833
69 24 1474
27 32 5512
32 3 5842
73 41 1451
19 46 377
17 7 4878
72 0 3929
25 48 88
49 55 5340
32 73 2499
51 39 3723
55 1 5365
47 18 3648
18 12 2052
68 10 1864
23 38 4758
16 28 2488
43 27 2259
38 66 108
78 58 5257
33 9 6142
77 14 2483
71 40 3838
61 25 5433
19 77 2485
57 2 5472
69 23 6262
68 61 609
42 35 4952
78 25 1108
37 70 1105
35 55 3462
5 53 1321
19 59 4035
47 76 4270
31 48 5389
71 53 1677
72 28 2570
62 56 3121
0 1 1306
74 0 4208
75 79 3843
33 63 1164
76 31 5311
2 14 4309
25 18 3168
65 46 3656
72 39 3083
71 78 1910
34 78 6214
1 14 393
78 18 3873
20 56 4016
43 45 1352
11 16 1964
31 52 3081
53 6 932
64 54 5295
6 57 6218
8 7 1457
76 52 5111
29 50 3293
65 6 1636
42 32 2858
65 38 4072
26 30 2311
65 76 1342
44 5 5432
48 61 1030
24 7 410
36 54 2096
67 24 6034
19 48 1716
50 5 4609
1 79 438
71 48 3889
22 67 4693
13 23 5663
22 68 3429
9 76 2268
13 36 2810
8 55 570
36 61 6134
70 22 3575
79 69 4160
13 38 53
53 21 2649
59 37 1592
35 30 6179
68 67 1063
0 34 5598
55 51 2567
2 8 4014
73 23 3167
18 19 1899
49 40 1687
46 4 3095
20 19 4281
53 30 162
30 55 2311
62 28 5976
71 11 338
56 79 397
22 34 2437
68 29 2870
10 37 0
14 71 3507
10 23 5831
52 60 1571
64 0 1736
42 0 1249
32 41 4344
9 46 4416
36 71 444
72 6 4957
77 5 4287
66 40 3550
56 34 3884
19 0 5544
40 77 1937
13 25 2396
66 11 6118
41 8 5312
2 76 4340
59 24 5896
65 41 5021
9 12 2518
27 1 4209
3 34 6239
27 24 119
20 0 5059
63 60 5685
40 48 3958
79 61 154
62 25 538
16 35 917
26 33 3324
10 16 769
12 36 3653
28 75 769
13 50 4729
40 6 2084
65 34 3271
41 22 3779
7 4 592
3 40 6018
47 66 2971
14 63 1086
26 23 2409
20 23 4695
11 15 3695
66 74 2793
44 4 3935
58 10 4989
14 23 3658
19 54 2292
42 71 585
4 69 3207
35 7 4767
34 19 2708
0 60 4530
11 47 661
52 14 1301
47 56 3568
35 64 619
53 58 2250
49 21 2436
38 18 3040
26 55 3004
45 16 3462
10 75 4877
58 60 1367
61 65 2939
70 75 4224
