20
85
6 7 147
6 5 179
5 9 378
3 7 8
16 5 36
15 9 372
11 9 306
4 3 342
15 12 52
17 3 78
9 13 358
19 17 313
6 1 184
14 17 232
6 2 282
8 7 135
14 18 138
16 10 328
0 11 44
18 4 225
14 13 54
4 5 366
1 9 125
1 13 118
9 16 304
13 3 345
0 12 145
6 3 247
0 16 219
19 0 146
3 18 338
9 12 77
11 12 222
14 11 69
14 12 197
13 15 269
0 13 39
4 15 10
17 11 342
12 8 207
18 17 73
15 2 324
9 4 173
3 12 63
5 19 36
4 11 84
1 14 70
4 12 54
19 2 195
10 8 283
15 0 180
10 12 70
4 17 224
14 19 94
5 2 219
18 13 290
9 2 66
8 16 276
8 2 98
18 15 348
9 19 183
6 0 217
9 17 179
0 4 2
11 19 8
1 3 307
8 1 221
12 16 93
15 16 96
7 19 311
17 15 203
5 15 112
7 14 355
11 6 142
4 8 103
6 9 221
13 6 243
7 17 146
13 12 144
3 8 88
12 7 300
1 11 89
9 3 254
16 14 17
10 5 357
