50
1114
31 30 858
6 30 1117
43 31 813
26 30 1107
2 43 1176
48 6 1294
2 15 2113
21 2 958
20 2 1882
2 33 345
16 30 182
35 48 541
9 2 667
37 15 1199
0 9 1766
26 38 1581
6 44 1947
43 17 622
22 16 2188
19 21 66
6 27 1336
6 25 1195
15 11 1091
12 22 1455
43 28 510
13 2 1218
27 23 661
23 36 1800
42 38 664
5 16 1598
37 47 1614
29 22 1746
39 47 666
31 7 202
26 46 579
32 20 914
8 6 1952
24 8 779
1 0 1471
13 3 2344
24 41 1723
4 33 1792
14 22 905
45 0 2325
6 10 1283
34 6 2341
3 49 601
40 38 2017
3 18 1092
34 46 1280
0 11 964
19 12 1889
16 6 580
25 4 613
14 23 965
3 5 80
26 13 890
19 10 1338
3 39 2237
43 13 611
10 15 1799
16 20 2225
17 0 619
14 42 186
19 40 1501
7 19 414
36 24 505
23 7 2257
28 22 354
17 36 829
12 6 2280
2 3 1273
41 1 1286
38 32 688
20 38 38
37 12 934
33 35 97
47 20 249
12 10 1054
17 46 1743
31 2 1339
35 28 338
21 15 353
14 10 493
38 29 1976
29 9 497
39 6 2367
1 38 2118
4 34 833
43 32 844
39 42 2323
26 11 1241
6 4 124
4 35 1072
44 49 2213
39 11 2394
0 8 2067
24 38 882
37 8 1143
16 27 2351
30 41 60
23 42 215
0 42 20
12 35 2150
31 42 1278
36 46 113
13 44 1462
9 38 1242
11 48 816
15 48 34
7 49 116
13 39 678
12 20 1802
15 12 2132
13 15 2375
46 39 1714
12 48 1532
1 31 1906
47 18 2445
27 1 874
4 30 593
15 18 2268
32 14 1269
38 2 1092
3 0 121
24 13 1666
25 31 937
16 34 1406
20 34 90
4 17 2410
25 40 2186
32 41 2192
32 24 382
19 5 576
36 4 866
25 36 2387
27 5 730
23 16 966
31 14 1659
47 7 2041
4 46 1246
0 25 69
31 4 824
3 8 1100
29 41 1052
3 34 968
10 28 1392
48 9 1362
1 6 143
48 28 542
17 21 751
37 22 874
17 29 749
33 34 963
32 37 515
49 9 457
41 11 1599
23 3 2265
10 48 1697
27 41 2305
2 35 383
44 20 1741
21 23 1853
5 8 2413
45 33 922
7 43 1372
32 48 2379
16 49 959
1 45 1994
17 39 908
7 30 920
37 36 1354
22 1 1867
47 29 807
0 12 2179
29 21 1974
47 42 2383
22 4 1626
21 30 930
30 19 852
18 10 581
34 0 19
0 5 1527
38 46 1603
47 10 1002
31 32 467
38 10 2361
9 3 2144
33 15 981
17 8 1382
32 0 1861
30 0 1067
19 11 806
13 32 441
30 35 866
17 28 703
42 9 2238
44 24 2332
40 39 1748
6 42 717
45 6 1266
15 6 2055
4 9 2187
36 11 493
0 6 1869
15 3 2079
38 8 2181
1 13 2072
12 25 652
19 29 1933
42 41 1499
9 40 929
37 3 629
18 36 1240
15 1 1130
10 34 1435
8 40 1890
43 30 570
25 42 2435
0 46 1453
48 13 755
17 9 48
6 40 1790
24 49 124
33 36 1924
24 7 2155
21 0 608
23 22 252
24 19 2066
18 46 134
39 34 1871
33 25 1164
43 9 1164
49 22 1705
27 48 201
29 45 352
10 4 79
22 35 361
30 48 385
34 23 509
2 48 1171
2 46 1277
25 23 411
9 19 1301
33 5 2444
44 28 737
40 28 610
27 7 2024
19 8 2130
43 41 392
34 17 716
16 12 622
46 30 796
25 8 2139
42 34 2405
17 12 1209
35 45 742
0 16 2043
13 23 567
47 23 1576
38 35 2251
18 6 438
10 41 1434
45 46 255
24 34 52
13 46 2297
16 43 125
24 30 744
38 21 66
7 41 1665
19 0 344
34 29 492
7 10 1854
48 37 359
46 43 1541
20 8 2056
5 43 378
34 43 1229
32 3 2158
42 22 647
4 41 2267
46 28 273
27 8 2288
1 12 1213
32 17 1074
20 33 2113
6 19 1453
19 34 301
14 1 1930
49 40 2381
15 39 344
22 7 1048
10 30 635
41 33 1001
49 14 533
12 42 2050
43 24 1139
8 10 1356
46 10 2008
17 13 2432
36 39 2392
11 37 1438
40 14 1616
25 2 2177
1 20 1542
21 22 2117
5 49 1289
2 28 1025
18 31 29
9 32 602
29 10 2093
26 41 1673
36 8 795
28 4 387
9 22 1753
33 42 2396
2 19 2372
46 25 2000
28 27 1804
18 13 2157
29 13 299
6 32 905
28 49 1238
22 18 1948
39 37 2387
46 9 2268
2 12 2413
48 5 352
18 44 1398
28 26 883
34 40 1350
47 21 1596
33 24 1379
39 35 663
33 46 2262
5 23 2266
22 8 864
44 40 638
0 27 259
28 32 2393
20 37 1071
23 48 986
30 36 172
38 28 1854
4 14 2231
24 5 881
33 23 1334
6 41 438
4 1 401
44 47 1434
37 33 1477
1 29 1863
16 15 1543
34 2 2435
41 13 2031
47 28 2292
44 42 877
7 1 351
10 1 953
25 20 1184
8 31 2195
22 26 1930
30 42 756
6 9 1342
19 36 1206
34 11 1604
31 33 289
45 11 175
34 47 1164
21 36 1754
23 10 1704
5 18 701
44 35 1408
10 13 2034
44 33 2184
48 22 1004
47 49 1671
16 44 1757
42 40 1965
7 37 1205
26 8 920
13 38 571
29 15 1327
5 32 483
29 31 1656
3 31 383
4 0 2372
32 47 2163
26 10 616
49 15 2380
32 15 324
45 8 651
46 49 619
45 25 10
26 39 928
31 37 2144
37 23 1303
42 20 1498
18 48 1074
29 40 2412
44 12 625
18 26 2340
7 34 1071
18 25 1254
24 29 623
9 21 94
40 37 920
5 25 1928
23 15 649
16 2 700
48 4 1529
29 0 167
4 24 86
32 12 2042
49 42 1271
26 24 774
21 33 2317
21 31 599
2 17 2435
21 44 2146
0 36 254
34 35 325
24 10 490
45 47 684
37 43 1359
16 35 368
34 18 99
26 1 1626
37 0 463
6 20 235
43 35 56
22 31 168
28 0 18
47 19 1152
29 20 1387
49 6 273
2 4 2318
17 47 1301
12 30 993
29 14 1572
48 21 1873
21 49 35
35 9 1722
35 31 1721
38 31 2034
33 48 2134
2 36 726
16 47 1402
12 40 109
14 41 2429
8 23 1865
11 42 656
25 44 320
21 35 888
23 24 1799
39 49 1982
6 7 1473
14 11 1179
13 9 1010
40 45 1013
30 49 792
22 38 988
0 31 1096
11 29 1738
11 44 1929
39 41 213
21 41 175
31 46 149
44 29 1221
26 31 1211
43 49 1057
40 15 120
27 47 366
19 49 109
11 31 474
30 9 700
3 28 490
15 30 510
46 11 2389
1 9 1571
38 16 234
35 42 722
48 40 398
48 1 506
32 30 695
20 40 480
4 20 19
36 16 1462
11 25 2256
48 8 2300
7 36 2340
45 28 1728
44 46 1789
47 26 379
18 33 1857
37 25 2306
23 44 1499
8 35 1771
24 39 595
15 9 1269
30 18 415
36 9 320
1 19 2154
1 21 1756
48 39 920
7 42 1674
4 23 1230
8 33 299
37 1 421
24 17 1300
8 12 320
38 41 1631
1 17 2131
37 14 2380
24 9 2383
42 27 671
5 30 2269
16 24 768
40 21 265
12 4 2260
11 9 739
15 22 1208
38 5 1192
30 22 1318
21 6 1546
38 6 643
7 25 2404
43 10 1551
8 9 2192
19 35 775
36 42 1064
33 29 2233
0 43 1331
45 21 816
36 13 76
3 10 259
43 20 1590
44 38 2332
9 7 791
17 31 1715
37 10 845
29 7 2392
8 16 1109
33 7 2048
43 8 1729
45 4 1763
1 3 700
32 18 1164
4 19 509
47 36 775
26 44 207
27 36 112
48 7 962
30 45 893
35 36 502
8 2 1451
12 28 1617
15 24 1820
21 42 768
23 11 821
27 22 1080
38 17 614
44 27 1398
18 43 563
3 20 2093
40 17 569
47 31 1108
45 18 880
26 6 2236
5 39 717
45 13 1158
17 33 285
31 39 293
32 33 932
37 35 2108
41 47 1175
26 27 1203
39 4 800
1 36 1053
16 17 1899
43 3 397
4 27 1164
45 19 374
34 30 707
19 38 2173
20 15 80
3 17 1180
27 12 743
11 4 255
32 4 2055
47 46 362
17 27 1816
34 1 1360
16 26 1357
12 43 212
14 13 487
14 45 433
31 9 1144
43 33 1436
5 11 839
7 0 1886
44 7 247
49 38 746
47 33 156
5 21 822
32 27 1045
43 27 1501
15 27 1908
36 5 1894
44 4 2049
36 10 356
38 3 1113
42 45 339
41 15 69
45 16 1690
23 20 1585
35 10 834
7 40 1737
16 4 1977
4 5 1586
25 17 1742
35 41 284
42 24 2363
41 36 1323
22 45 934
29 37 584
5 14 858
11 43 1257
47 3 501
15 46 212
32 45 421
30 29 1057
23 32 2415
43 14 1195
36 43 1457
15 34 470
28 11 138
2 30 1933
21 18 874
39 9 269
13 11 1995
12 46 998
13 21 1744
4 26 633
27 37 2303
25 19 1512
29 16 98
49 27 497
37 17 1684
22 20 443
21 27 434
25 1 949
40 24 1868
25 48 2012
17 6 1068
9 16 855
39 1 1242
37 18 2222
8 34 726
7 14 868
24 1 382
29 46 1309
21 16 1814
42 29 1556
25 49 2399
11 21 1457
11 16 2073
42 15 1871
46 35 2256
16 7 1590
1 47 1229
35 17 706
14 48 673
31 5 404
48 38 388
19 15 1006
28 8 539
10 27 1274
5 10 934
37 42 2256
40 11 1616
45 49 1231
40 27 1908
34 5 1162
39 12 1802
18 27 58
11 17 1936
44 22 1070
35 3 1507
31 19 2222
36 40 65
36 3 847
34 44 1203
19 39 2054
22 32 157
39 25 36
0 35 692
0 47 1286
14 12 1393
36 15 1021
44 48 1926
20 9 620
32 11 1027
46 7 2200
25 3 711
10 2 2198
0 10 205
7 8 1292
25 27 261
30 1 933
47 40 2405
45 9 562
32 40 840
0 39 1678
14 21 1721
12 24 445
17 42 2071
37 5 2395
36 28 1813
25 15 622
35 47 499
28 42 1209
45 5 660
12 49 1109
2 0 1986
27 24 1374
17 18 1506
29 6 1133
25 30 866
31 24 284
39 21 1761
39 7 344
1 28 1778
24 11 1804
43 42 1268
31 41 727
45 36 877
7 20 2098
41 45 1595
41 49 592
14 30 653
11 8 859
40 43 1521
19 33 423
46 24 453
16 39 63
10 21 1120
20 36 223
46 37 1315
28 23 694
24 21 101
36 34 435
45 38 1008
25 41 1742
2 6 527
49 31 2010
0 14 777
7 45 1843
2 27 1798
4 47 245
25 43 1542
43 48 1782
25 28 2042
27 30 2326
4 43 1530
4 13 2145
14 3 655
30 8 1607
21 3 1523
40 31 2202
5 20 491
1 23 1147
10 22 203
23 31 423
40 41 176
30 23 673
26 36 2199
38 14 1617
38 7 1131
3 19 1108
39 20 2423
28 29 1092
46 23 695
17 48 2017
21 28 2447
17 49 480
38 37 170
29 8 1991
33 38 1357
4 7 1928
49 34 851
28 16 1432
48 46 124
32 7 2374
9 23 350
45 23 1200
9 25 359
2 47 1139
5 42 1635
1 5 2188
49 23 138
17 7 1097
42 3 2358
49 8 629
33 12 1434
48 41 594
14 6 1019
22 5 771
17 15 695
12 3 2143
6 35 1715
18 28 1869
36 38 910
47 43 998
40 16 2369
0 33 2362
2 14 147
3 7 10
45 15 1157
39 32 82
2 18 752
37 34 2269
47 6 75
20 48 730
28 9 1897
11 12 2330
14 39 578
41 19 1780
46 3 1578
5 15 239
33 13 898
46 27 739
14 28 2331
12 36 1894
42 26 471
49 26 1058
23 26 1181
23 18 1428
18 49 1074
26 5 893
44 14 882
40 5 1285
49 0 1144
25 32 1976
36 48 943
41 22 1496
6 31 509
19 43 911
32 44 793
20 13 1657
28 6 1910
34 48 175
13 28 1474
35 40 1600
21 32 2426
19 17 1597
2 1 312
31 16 880
8 21 1895
29 32 16
38 39 649
5 35 31
10 16 1929
43 21 335
3 16 215
20 30 726
5 9 257
22 34 1936
1 33 906
40 46 1213
2 49 74
18 8 917
0 13 633
44 2 1606
26 19 1060
40 30 2053
4 42 1520
42 10 354
20 0 1927
35 23 262
36 49 1794
26 34 1737
4 18 1926
13 30 1661
16 41 2231
15 8 1641
1 11 1795
16 48 2067
39 28 2058
29 12 54
24 3 669
22 33 1000
33 27 107
24 37 1782
13 16 632
15 7 1476
14 18 1310
16 14 2428
18 19 1917
35 7 107
39 18 667
44 3 1217
10 49 1841
26 0 1244
29 2 2252
2 24 2096
47 38 455
6 22 2384
32 1 1672
6 23 16
26 7 103
5 17 558
43 39 300
31 44 544
45 20 1424
23 40 2197
23 41 1071
10 9 1805
17 45 2367
34 41 1696
41 3 1227
18 38 1222
46 1 1940
18 0 693
17 10 1711
29 26 297
2 5 2215
49 48 1210
27 29 1312
46 8 1632
32 2 1889
48 0 19
39 44 148
9 33 691
47 30 927
32 42 676
26 15 1953
20 49 2390
32 34 2423
18 11 2028
26 37 658
42 8 661
41 44 2434
12 18 49
41 37 2093
19 13 1700
6 24 179
22 2 699
12 26 0
34 13 2006
35 27 810
47 22 162
11 7 627
19 37 1413
1 42 2364
2 45 1307
14 34 1507
49 32 737
12 5 1387
2 39 554
0 24 1753
17 20 1423
27 3 1579
15 31 2299
7 12 411
46 19 2272
26 33 945
30 33 578
25 24 519
48 3 1795
25 14 920
23 12 2013
45 24 115
4 29 130
35 26 2062
20 46 701
5 47 1110
5 41 1251
15 35 1430
44 15 1758
2 7 1050
49 33 1440
33 40 315
11 6 1707
39 10 1663
49 37 1724
41 2 1544
18 16 644
28 33 932
44 5 644
40 26 431
35 32 2217
31 48 452
41 12 1479
40 2 571
19 16 607
14 27 2312
8 13 950
43 26 2412
3 45 62
30 44 987
6 36 82
43 45 756
14 46 65
3 22 1586
30 11 156
41 18 1452
20 27 1668
12 21 812
5 13 847
39 22 1604
9 14 2099
24 22 1318
8 39 939
39 27 1753
17 26 1958
18 42 1102
21 20 717
43 15 2205
1 40 157
26 21 1829
46 32 422
45 12 1805
45 44 1022
18 40 1195
6 46 1899
4 15 1795
11 49 1029
33 39 6
40 10 2056
20 10 2003
14 33 1979
33 10 403
23 38 276
11 22 548
12 47 174
47 14 1027
19 14 546
20 28 1946
13 12 1591
18 20 219
37 13 1026
45 26 1422
2 26 2435
42 16 2271
21 7 1034
41 0 2053
44 37 140
22 13 161
23 2 1472
44 43 322
0 22 1770
34 28 1042
13 6 2316
34 45 184
26 9 77
21 25 884
5 6 2116
43 6 324
38 12 959
48 47 1104
19 20 2369
13 27 2058
47 15 1034
25 47 2434
15 14 1597
43 29 1524
8 47 491
18 9 458
20 11 1783
4 37 1187
9 41 1030
40 0 1630
33 16 290
10 44 614
41 20 134
37 16 1249
44 0 1555
8 44 24
19 22 2081
41 28 1909
14 17 705
8 14 1816
32 10 1363
29 36 2257
40 22 2185
25 13 612
28 19 2235
11 2 723
3 4 1252
15 38 1158
41 8 122
35 49 2167
41 17 1328
12 34 734
26 32 1833
35 13 593
19 27 2279
35 18 1460
25 26 191
44 36 2254
32 36 1209
32 16 1096
7 28 2091
25 34 1185
2 42 746
26 48 1612
49 4 261
8 32 1171
38 30 692
3 33 975
8 1 317
36 22 1459
25 38 1693
