120
6913
83 102 11625
83 78 6473
11 78 7925
78 97 12350
85 97 3650
78 92 13933
45 97 4360
11 89 7664
69 92 10703
89 73 2052
85 37 677
69 107 1157
69 25 6181
102 70 10936
78 61 2819
42 25 6134
61 106 2610
22 70 8079
105 92 11455
96 83 6308
61 8 6423
8 82 12425
82 43 13171
115 61 3696
75 8 6710
75 26 5590
14 115 4959
102 48 9051
100 105 12450
26 67 4690
4 42 10106
26 33 9340
70 118 11978
118 39 8029
63 115 2440
107 74 11450
115 62 1458
61 56 12352
118 21 6100
6 25 7300
31 22 6584
34 22 5857
100 29 3106
106 90 9755
33 104 9082
18 43 5398
118 46 989
75 23 3042
115 110 11575
8 32 2513
81 61 5596
63 108 10333
68 89 3891
75 0 9641
26 65 9507
46 53 9713
61 71 4288
49 11 13491
15 34 12421
73 111 595
101 4 5437
112 67 9813
67 109 9276
23 1 6684
99 39 4744
113 105 579
14 72 1068
118 12 11753
71 9 360
93 73 9010
40 109 7134
118 41 10148
63 94 13388
54 25 1028
7 25 4609
40 119 2639
0 79 14034
63 60 8619
114 53 8722
21 20 6018
35 26 4350
110 98 11113
19 85 7258
6 88 2760
16 83 12226
92 27 7635
98 30 8735
58 74 13166
87 4 12643
66 40 10418
10 92 2789
29 5 12427
27 51 8574
70 55 5614
44 35 3294
83 80 11168
2 115 4028
54 57 3099
50 65 7077
3 34 7665
117 44 11655
103 102 2034
18 91 149
96 38 13896
74 47 7959
95 5 3985
59 118 9054
24 102 10686
73 13 6312
45 84 13712
72 64 2589
37 52 1855
95 77 1046
36 64 5052
76 51 6548
116 27 11727
86 34 6801
79 17 27
28 62 13159
26 30 2963
15 79 9197
41 77 1229
58 41 6884
36 71 13394
41 63 5119
49 64 11874
0 20 5852
86 23 11587
101 95 8390
72 61 12485
59 57 8789
40 46 2108
50 74 330
6 108 3523
89 28 8996
48 20 8337
6 96 10932
65 56 7291
112 21 8322
71 42 13606
106 83 7655
92 48 12600
25 83 12859
92 85 4927
87 75 9441
25 100 7129
66 3 11917
50 49 11105
30 39 2394
72 6 8
46 61 5633
34 7 3138
47 0 6465
66 38 11820
29 28 3944
72 53 6684
40 50 9274
40 65 6811
10 23 9607
69 28 10055
5 116 13857
77 106 10131
45 28 3510
43 91 13829
88 55 4745
39 73 2488
113 67 5610
18 75 4579
94 39 6626
39 112 8113
69 29 13242
26 79 8139
80 11 1104
38 59 2047
61 35 1339
64 8 9912
59 41 12384
29 56 3543
112 65 1608
19 117 10367
47 3 623
50 42 10167
11 27 12112
113 116 3233
68 10 7212
86 12 6703
43 59 13741
34 110 11844
47 8 3437
108 35 5006
106 109 2180
54 110 834
105 75 4101
64 13 8412
103 117 3274
87 72 6451
40 113 1918
119 67 10284
8 18 13305
62 67 9839
25 105 7806
27 35 3410
5 40 14145
55 46 6038
86 43 10830
77 62 1379
27 14 14055
76 111 1957
98 6 8660
80 67 930
58 104 5709
88 17 8724
103 20 360
83 63 9485
83 85 7114
66 44 7804
69 75 9961
21 47 867
38 82 1985
46 74 11028
31 27 9413
97 68 7825
94 30 2098
99 105 11332
89 76 11019
52 99 6797
112 119 3462
65 24 10591
83 35 6719
27 17 2299
29 92 7641
2 112 12448
23 20 3129
73 118 458
110 85 9257
6 4 3981
83 22 10799
63 1 13985
73 33 4169
53 100 10205
90 56 11869
17 50 8180
95 41 13717
83 73 5073
32 83 4713
75 95 13652
68 108 3364
92 63 13776
101 58 5556
15 90 4927
24 5 1408
111 105 6929
8 56 7500
17 60 13230
24 60 11884
68 21 1287
50 60 6858
31 10 5364
22 42 2383
108 117 9039
55 103 2796
97 13 744
92 80 9900
17 10 9528
104 1 13885
49 71 11119
54 67 13114
50 116 7993
12 11 8685
19 25 7885
93 89 2240
24 62 14027
49 78 14087
8 14 625
113 87 2531
62 97 5156
114 40 13051
92 44 3565
35 12 4959
57 32 3862
110 82 4558
44 12 11095
49 26 8079
86 10 11417
16 62 5884
72 45 12186
98 19 863
59 1 7413
71 25 8949
100 47 10381
31 63 12995
37 1 327
85 99 6433
110 83 2533
114 118 13807
113 38 9792
29 6 8233
105 23 7842
21 39 9366
77 24 3283
38 47 12617
94 40 9373
39 106 6223
76 2 533
78 14 13382
89 6 1690
99 90 1723
13 113 14239
34 58 816
117 30 9383
102 18 4798
118 69 12892
53 22 4331
110 13 10290
26 46 8002
108 2 6613
97 74 13827
22 89 7335
23 59 7522
37 106 1539
113 108 13107
35 49 12028
58 113 14015
53 80 13301
70 27 8969
108 14 2984
13 109 10661
14 37 6685
64 2 3255
77 96 7908
113 4 8074
119 57 12209
98 78 13920
68 106 13638
24 83 1982
60 31 1585
101 107 11687
70 28 1514
85 104 12661
22 7 3466
88 105 2752
0 113 14052
31 102 11374
73 48 9113
8 109 12893
17 110 7732
78 104 7413
0 71 10807
39 0 12629
6 11 8546
67 59 2002
68 56 10133
50 30 9425
60 61 125
51 97 4504
7 82 13718
117 63 9664
42 15 5875
63 87 14122
49 69 13137
19 40 12393
21 81 4056
86 67 2823
41 54 7484
28 73 7396
76 38 2285
7 62 2699
83 11 3882
73 52 3333
25 107 4646
89 55 7754
89 41 1910
24 1 13786
90 110 6839
102 15 4503
79 19 3603
56 53 9376
65 62 5565
48 1 122
53 10 1825
12 28 5862
84 57 3364
35 106 6059
117 80 7621
54 64 2694
25 75 12185
9 23 6248
19 106 5854
101 84 2797
1 114 11459
51 13 10575
48 71 3453
104 111 13520
15 21 13387
58 96 12968
75 88 2327
119 118 3246
49 24 11942
90 31 2836
95 45 13366
57 105 13960
85 69 6901
66 21 8568
2 102 9869
39 100 12776
40 102 6490
70 60 1855
100 7 1446
100 83 14273
55 83 5203
104 25 1269
95 1 4471
30 44 11474
29 111 12487
7 72 9231
32 37 8339
0 7 10928
45 99 4327
23 22 1861
86 15 11419
44 11 14152
36 119 4952
92 68 10188
109 34 13021
102 113 11915
12 34 11388
69 88 14078
58 19 5451
27 43 13489
22 27 8088
29 49 10305
91 89 6497
4 35 11791
66 48 10468
95 83 9452
77 109 10216
63 6 9314
93 43 4493
66 61 4601
0 42 7192
78 77 11623
118 92 5411
53 0 4761
37 104 5437
30 90 14033
23 93 2322
62 50 5823
87 6 1484
112 36 11513
112 16 7232
68 84 10014
28 78 6492
56 105 13592
102 106 7897
38 6 5464
84 64 3929
32 97 4373
43 56 6317
100 33 10373
74 8 2150
70 110 150
36 100 9544
14 63 3554
46 29 4071
20 54 11844
96 101 1263
97 75 7345
111 107 4208
0 18 876
69 114 2920
106 66 14006
23 91 9879
26 59 1769
115 54 6809
43 48 10084
78 82 2365
32 22 12437
118 106 4505
0 8 8036
58 116 7971
14 21 4508
59 50 13413
110 95 12390
24 68 10888
26 112 5422
95 73 10551
31 112 10452
76 23 1402
48 2 2534
118 84 9726
39 11 9847
9 96 6604
115 40 10956
79 21 12703
54 33 7824
83 88 11886
65 15 2654
89 51 13030
28 75 2203
60 44 7776
19 84 9337
94 117 1283
69 86 826
2 119 12758
109 30 328
86 52 1601
7 111 9722
117 46 9366
49 47 6888
34 114 10060
19 65 1921
69 63 13674
5 85 9286
114 39 4174
87 78 2375
112 94 1679
62 87 9050
20 71 2602
94 59 1921
32 103 8639
91 97 11657
84 81 10356
79 112 3620
16 102 6922
6 61 12246
57 33 1295
39 54 10441
115 87 2212
97 83 9342
93 113 10766
47 51 5970
67 73 3030
36 113 13307
15 93 3027
65 41 7892
57 45 12278
24 25 2220
91 90 11632
100 10 12150
11 28 10984
99 6 12246
20 79 9327
1 18 1894
93 87 4469
37 10 6041
2 28 13924
77 112 14151
27 24 9086
6 102 11368
63 59 13695
56 75 11629
71 95 9434
33 1 13557
70 1 8572
57 73 13083
15 16 9095
20 70 9488
26 111 11195
75 118 2282
56 66 11618
55 75 2036
36 79 3135
106 104 12390
21 48 547
100 50 10093
1 35 14132
49 104 1337
21 37 8243
63 7 6031
52 109 12563
119 29 7078
43 88 6144
109 74 10857
49 31 1713
3 16 10196
65 101 4805
9 104 6067
51 78 6370
36 110 10248
19 118 2094
9 27 6994
117 101 10484
26 4 9489
31 87 9705
34 26 13362
29 84 13043
2 31 5794
81 33 13174
20 64 13123
97 43 6130
28 10 13029
108 109 5089
83 61 4100
74 54 4273
12 81 9427
25 81 5364
18 11 9871
105 29 8944
119 7 10679
21 119 13137
44 25 10785
39 74 9626
119 5 1897
98 119 144
13 33 9599
2 84 5077
60 23 7992
42 29 2997
53 115 12519
24 80 6972
102 23 12706
21 58 7744
87 67 3554
69 41 2136
115 38 12877
53 55 5387
14 48 10385
33 118 8737
14 2 12130
0 102 8005
115 56 2525
30 106 12728
49 82 9449
9 64 8532
95 6 9785
25 114 7209
68 35 736
5 33 13761
10 83 8462
68 70 3594
110 20 8317
66 31 673
97 3 8250
97 88 653
85 77 9337
97 18 9896
55 33 7200
62 26 737
3 15 6788
102 98 7941
98 116 733
74 86 946
94 38 10139
111 66 11230
59 90 11856
70 79 8249
59 47 3349
15 85 12428
70 83 8649
58 0 10806
92 24 6982
28 102 12511
81 68 6560
3 79 10050
97 107 8328
50 104 11442
65 23 10309
59 18 3265
15 100 13634
21 100 17
111 11 1040
25 36 3779
74 113 13754
22 75 6559
84 116 5821
68 58 10650
100 44 13973
84 3 10845
11 115 11276
96 78 5110
40 49 6675
40 84 9861
104 95 13967
101 93 1533
26 92 5495
23 45 3723
14 77 7390
47 70 10860
63 11 13701
7 14 11159
28 32 12264
58 1 8754
36 41 13522
62 53 12141
13 7 13273
89 5 3438
65 88 5859
94 52 3781
90 74 2661
85 32 5017
3 85 364
2 113 11097
59 84 2917
8 24 4717
2 13 12877
72 8 12390
74 117 9179
36 82 4993
27 36 9024
18 74 3763
61 82 1852
47 111 10399
24 115 7378
9 7 10386
38 102 11344
56 99 4783
26 72 3800
109 101 10850
83 98 8312
22 76 7805
81 76 951
4 13 6455
118 2 12506
107 102 12107
11 74 1314
53 34 12970
61 119 4226
55 64 3301
71 22 9926
96 32 2742
4 97 1883
75 72 4601
28 79 11302
47 56 4961
114 73 8226
32 66 7883
42 97 159
94 86 11429
5 90 1526
39 36 12543
21 102 12295
37 51 8361
70 13 8520
86 111 6108
66 20 11121
23 5 5238
91 12 4770
25 65 9406
107 48 10848
29 48 4611
17 18 13065
69 2 875
16 6 2730
45 68 7147
14 6 9730
95 67 5927
85 30 2851
8 11 9073
110 63 284
82 118 14279
102 51 11187
42 27 1950
61 92 12701
0 111 4886
43 23 197
109 97 6890
66 6 3255
35 64 14036
36 24 3024
79 108 13364
45 37 10930
92 34 3049
2 103 1456
82 111 182
79 104 5205
42 84 13719
71 70 5720
115 4 13537
56 97 13070
5 80 12228
47 71 9727
72 48 11698
45 93 7927
68 115 4980
39 102 525
25 11 769
25 2 1241
30 114 8285
33 40 12501
40 60 13472
97 57 9354
0 6 14255
59 111 3983
53 63 6516
115 33 6793
58 111 7908
25 117 10496
55 13 8986
1 88 2323
22 110 8412
119 43 2331
114 92 4597
41 0 3361
3 60 5452
10 25 7637
9 22 12205
49 59 13964
117 66 3290
88 85 8691
16 42 12313
117 39 13217
7 94 2847
84 75 12157
92 94 7238
60 107 11936
103 43 13617
41 112 12645
93 104 12673
9 92 2960
85 81 2254
19 10 11856
57 87 9686
87 118 11482
106 65 9867
114 105 10211
58 38 4545
39 75 10136
114 70 8712
40 68 13222
14 76 2452
31 93 5889
58 5 5387
7 32 657
31 39 1694
62 21 2371
10 11 5793
48 32 14180
84 72 7392
15 81 11728
8 118 11459
29 10 3379
39 108 1154
60 6 9297
47 93 660
28 30 13247
30 100 263
34 100 6196
28 3 6020
104 81 8078
0 17 6534
34 6 8232
19 113 5663
31 6 270
9 4 6203
25 62 2289
37 89 7665
31 110 12649
59 15 1335
42 64 13052
26 113 14192
3 56 7774
42 117 5570
63 107 9919
52 61 3211
96 114 7860
20 92 12386
49 48 9240
37 0 10882
20 94 7571
104 2 2283
5 115 13707
22 95 6614
50 27 11384
73 43 4656
19 24 4484
10 112 5649
16 110 13680
80 93 8168
28 47 7689
117 77 7022
55 4 12780
34 71 3290
98 52 2230
32 6 10174
73 77 12198
3 23 5025
8 87 5108
52 33 5965
86 7 11166
46 86 6460
19 50 11088
38 62 13696
105 55 8381
106 51 6278
30 73 891
28 66 10462
26 23 9065
17 100 6098
94 80 2793
34 89 8659
19 66 4192
41 66 4853
65 109 10686
39 96 1673
72 60 12155
39 20 279
112 40 13556
67 43 8757
65 110 9441
47 72 2923
97 70 3770
49 28 11232
101 28 10813
7 102 8169
17 112 2942
72 119 6733
78 54 9980
23 33 51
35 53 3762
42 33 6126
36 67 12538
79 55 4982
118 10 12940
107 64 7220
31 17 13303
97 98 9570
29 34 3334
83 3 5615
112 38 7820
22 43 11129
114 103 6789
17 32 11875
116 30 6563
2 38 10112
78 29 6905
91 58 7969
62 30 7213
46 24 3041
107 71 13277
52 1 13893
75 74 4712
68 47 12544
52 85 2985
69 116 893
115 118 12963
89 21 12747
36 114 3160
60 1 12195
10 3 9872
50 96 9886
105 43 12467
80 115 11480
42 26 13339
112 72 2893
63 36 9215
40 108 14247
94 104 9945
24 20 13020
85 42 532
37 91 911
110 102 4555
103 9 11973
116 54 3684
80 25 1312
29 14 1171
80 101 2255
84 48 1347
67 22 12163
108 49 13300
62 58 13245
89 77 1020
82 107 4158
79 62 4849
8 80 11536
27 83 9342
70 57 11065
34 31 5163
0 90 3883
17 24 7570
38 45 11564
97 58 2375
59 51 13678
33 35 12647
82 68 13361
75 52 1711
16 46 10104
61 37 1655
29 15 4529
104 80 8314
10 101 12761
94 69 13451
13 111 1517
47 57 5147
85 8 12009
41 9 8923
19 110 767
113 96 9356
9 69 7098
30 43 649
47 84 8455
59 3 1901
56 58 10644
117 0 1400
81 74 1495
102 49 6148
91 94 13783
118 98 12501
3 89 1940
93 34 3082
78 52 13383
110 60 11533
31 91 10181
73 115 14221
51 43 3386
4 51 3499
102 4 11013
50 119 2086
22 52 2713
16 68 11750
82 2 7104
112 42 1039
59 53 5647
86 76 7115
51 92 14252
82 108 7590
77 67 5779
117 31 12549
77 51 11705
16 107 12932
19 8 4977
119 113 9339
3 111 4050
1 2 5196
11 35 2101
92 38 8978
1 86 13559
55 47 1153
61 27 8312
88 62 11902
32 13 11172
40 82 4421
48 101 4746
40 26 11383
2 117 7616
67 13 2625
27 77 1732
107 13 12548
22 15 12773
48 64 934
95 17 5059
2 89 8934
89 104 3081
67 79 12608
114 97 4883
30 21 8446
73 56 5030
24 55 8368
14 57 1
21 12 3394
12 18 741
43 13 11811
105 106 240
97 40 1982
67 45 6288
115 51 3314
11 113 9967
83 101 3106
42 59 5319
117 71 6528
8 28 915
101 106 4369
75 108 7204
103 110 10485
0 85 10844
75 113 1947
85 119 796
71 74 11992
52 116 4297
39 92 12671
43 19 4434
98 18 12151
81 83 2120
84 54 10861
52 7 7554
28 33 2111
66 72 3932
60 51 10252
68 28 21
29 19 9001
94 113 7758
54 14 9911
82 53 329
112 37 4591
39 65 5554
98 28 9301
55 84 11005
55 36 3373
0 67 2002
109 18 1460
27 45 13128
29 96 12264
38 20 6840
37 62 8484
74 99 12118
87 117 363
100 51 12497
64 76 6738
86 37 1836
0 119 353
108 107 1202
70 3 13784
54 100 2020
41 22 10388
33 10 5209
75 62 3817
51 103 3157
59 68 12347
87 116 13358
112 92 9271
21 90 332
26 44 9214
59 36 10364
92 0 13152
23 41 7905
66 93 12420
66 80 4158
111 8 4889
73 101 3574
40 53 13347
101 8 7141
42 52 9787
83 0 2553
29 91 2520
13 28 4175
52 92 8267
113 56 8967
27 97 1742
107 33 10955
35 97 5657
61 0 5802
56 34 1114
34 33 9194
36 108 5354
56 38 335
105 112 131
2 60 13317
33 18 11502
103 97 12861
11 61 8924
39 52 1762
88 36 11330
0 103 8502
104 68 1977
3 36 3225
103 104 5919
10 15 9666
90 82 6641
99 119 7629
76 102 6711
32 53 2193
107 21 4490
27 12 12926
89 102 2087
84 37 8336
83 9 3362
107 24 235
91 5 8610
68 12 657
119 46 6790
94 68 9722
32 43 8607
99 94 5219
29 31 9446
81 108 12751
29 39 12957
104 26 5355
102 22 3454
29 36 8224
86 13 2020
39 107 548
37 8 9103
56 83 9020
84 17 13218
91 55 12138
24 16 13323
46 37 408
3 54 7921
102 17 12520
31 84 12687
24 48 13941
59 76 12612
92 6 11808
49 41 4963
88 60 12386
90 28 4852
109 64 8941
20 50 4957
24 72 6303
18 5 12836
22 96 1310
11 100 1063
97 87 4940
17 81 6570
37 98 4763
98 75 6107
8 62 670
0 48 14080
67 7 13446
99 5 5647
97 104 9742
7 75 2370
117 67 6721
115 29 7845
12 102 7119
58 57 2354
34 44 952
84 106 1022
55 111 5007
63 81 8649
93 106 7401
24 81 8376
56 100 2918
74 3 9158
51 0 4336
117 36 4619
34 50 13097
23 6 6661
110 27 10273
76 57 7160
23 92 1638
60 89 6433
94 83 7823
2 63 7992
18 31 1168
37 49 9214
84 85 7460
38 83 3778
74 76 6398
5 12 8773
51 40 2308
101 70 8151
91 34 2371
20 14 1489
79 102 6012
114 5 5994
72 28 8883
52 36 4254
19 54 4753
29 41 8699
113 49 8232
47 112 9225
48 12 921
80 73 13760
63 49 11830
45 119 13835
46 17 2472
37 59 11276
45 104 1618
56 1 3934
75 99 10130
119 44 11859
91 92 8104
12 10 10316
71 19 7576
63 40 13516
72 103 2425
36 54 5201
116 80 10526
79 105 6975
56 20 5006
4 41 13261
7 54 12906
49 84 2976
73 100 7403
49 52 2379
61 85 13452
51 110 7081
115 88 11974
87 77 241
95 63 1251
40 23 1062
88 22 470
20 67 827
56 103 1402
109 12 3972
85 107 7899
8 9 11499
92 99 12313
21 22 7500
12 119 10733
56 36 12348
46 92 4973
11 75 9973
35 20 9871
108 24 8755
48 74 3092
101 69 3659
76 77 2374
19 37 2024
92 31 933
56 24 1013
49 101 13367
57 39 11196
118 9 2914
98 89 11947
72 86 9158
88 68 14065
116 9 12883
11 76 13873
8 96 3590
64 106 5407
59 112 2596
77 35 3168
11 29 3412
88 95 12096
1 77 1289
103 78 8001
51 108 4690
84 109 8146
85 2 12714
51 90 11292
90 11 9442
109 88 13549
60 117 6393
66 51 9008
54 50 8960
57 34 9615
17 63 7794
118 17 4436
43 72 3567
92 36 6036
17 68 12733
79 57 5927
2 110 1143
111 83 10126
110 18 10298
40 57 9926
112 9 1043
108 53 8570
68 87 834
5 111 10680
57 110 4325
27 26 7700
83 53 863
97 41 1900
3 115 12199
112 106 1089
105 1 8236
114 26 4274
39 51 5166
71 7 9778
46 50 6915
7 5 1984
57 109 2229
79 75 13811
86 36 5672
58 94 10943
34 66 11245
46 107 9129
21 45 355
13 24 2852
32 90 5928
21 77 9132
67 64 1340
61 117 9736
60 21 3773
15 20 10800
0 81 8582
70 16 5681
71 109 266
111 97 3733
3 96 5281
59 82 4962
69 113 14104
67 56 4791
110 46 11263
90 63 9254
100 96 4185
9 3 3886
102 81 12185
29 30 4041
114 12 1836
22 14 8012
45 105 477
32 26 11159
51 31 11586
54 44 2385
30 64 4594
33 22 6147
49 0 1140
41 68 2530
73 113 8629
41 114 13878
48 22 3008
14 104 12047
95 68 11613
89 53 2638
17 55 9178
92 83 10262
25 34 2724
31 98 7473
1 14 8435
2 95 10919
49 42 7368
90 80 7700
1 9 12675
22 35 1299
114 110 11642
64 90 11187
111 103 11935
0 22 2981
88 84 6896
30 37 14273
8 59 11862
22 59 3845
106 114 1753
30 65 10360
119 9 5883
36 10 10117
23 30 3618
76 21 2697
85 25 9288
46 2 8897
37 88 9309
111 65 13491
61 89 10702
67 76 3014
8 95 12656
25 28 309
113 24 10629
52 118 12052
12 50 14232
44 102 392
24 58 1729
53 19 1023
21 18 3480
73 108 5130
64 94 1807
9 2 940
20 29 11347
44 115 14081
3 50 3145
106 25 11758
43 40 7438
1 100 11663
52 53 11413
6 101 1426
62 15 7300
15 56 6481
75 10 3101
80 28 813
45 2 959
25 74 5204
26 20 3346
110 41 5991
34 106 2298
72 23 2064
34 4 2405
46 77 13032
108 44 8499
111 102 3979
40 0 7433
97 29 8090
57 100 13251
9 19 10381
77 32 10974
69 44 247
56 62 13126
73 75 1611
55 11 11614
38 111 258
104 52 1586
8 94 10211
41 47 10123
82 23 888
53 28 7685
107 2 4100
31 1 7911
91 10 5234
42 74 4580
76 80 13184
25 5 8828
28 1 6410
42 46 10339
109 11 10234
40 16 13269
46 71 8997
73 19 6298
8 35 6392
65 0 13154
17 29 12675
27 102 5154
113 63 3156
50 85 10516
105 98 7106
66 22 8637
84 104 5007
10 55 12323
106 58 7575
41 52 10055
18 92 4635
51 114 11932
0 1 2658
49 17 2425
52 72 1488
101 22 11339
78 79 1764
67 15 1879
110 78 2746
55 18 12650
115 1 9710
2 10 6287
29 70 5918
81 52 1876
8 63 990
99 19 297
110 89 23
92 12 3336
96 118 12228
13 61 13975
110 50 9148
15 70 4864
33 116 5367
119 64 678
35 111 11132
21 80 8640
117 51 7813
72 58 1165
82 80 11662
22 84 3089
50 18 10662
104 47 13531
106 85 2954
21 78 11793
59 29 6767
40 54 6487
44 63 5975
44 42 10920
23 57 1325
32 9 3674
108 97 1954
67 63 4338
4 109 3484
73 103 10752
57 83 12978
23 80 24
7 51 13631
41 8 5598
7 16 5117
118 79 8882
86 6 5498
47 33 2790
88 26 6407
77 29 11611
6 19 3279
0 24 806
116 91 12553
63 99 10364
30 38 11975
30 15 6372
43 46 5868
89 95 1285
14 83 2306
19 72 12885
9 47 11927
67 85 14279
40 90 676
20 61 9205
29 23 5674
20 73 10123
85 55 4943
42 105 12415
25 99 11374
115 7 1279
49 39 753
24 22 11011
86 57 1143
16 29 5946
24 70 10043
63 18 5214
105 108 13962
22 28 2113
25 27 13579
77 2 8724
27 47 2619
52 20 6491
77 116 7110
48 81 2512
69 53 7825
101 118 4152
64 73 6085
109 82 5560
87 3 3722
98 32 5854
39 15 3423
7 57 7509
38 93 5528
31 45 10454
21 52 1712
40 80 4023
90 61 10693
40 101 980
89 27 13982
55 58 5411
11 84 7834
75 112 3372
53 73 8757
59 98 1931
54 98 7801
5 94 689
99 42 7376
119 102 8490
5 64 9395
89 115 12563
57 62 5850
114 49 3461
86 51 7557
17 8 6967
106 10 14064
55 15 8997
13 101 13640
53 107 6128
84 27 3543
72 50 2618
49 74 455
103 96 10586
30 93 8930
106 54 6710
104 63 2227
3 77 7904
105 3 1911
94 79 6703
39 59 10472
97 93 13691
28 93 4341
5 48 12481
117 12 13798
102 53 3912
97 1 6425
94 89 9627
50 78 4019
16 53 2678
43 28 12160
65 73 9267
34 113 13625
99 89 11575
25 56 10575
3 107 8270
87 26 13496
115 84 1540
50 106 7430
109 39 10344
52 13 3442
65 33 10411
103 13 10421
70 42 830
102 94 8299
33 101 12271
71 84 6777
84 67 748
69 119 14229
45 29 742
63 118 9812
58 114 5541
75 59 181
92 15 4447
81 45 6120
111 28 8228
23 11 12233
53 111 12644
85 53 669
99 48 4834
75 50 13033
58 81 14241
68 109 1995
65 9 14250
105 62 1650
44 93 14211
83 33 11970
105 86 2008
87 110 9682
26 50 6423
17 14 218
46 57 11456
119 90 5448
54 9 6369
64 108 6627
98 100 1390
88 0 12942
79 93 13930
17 97 10548
9 10 2278
117 116 3520
65 10 11093
58 45 5240
93 116 10473
118 78 11777
24 117 8072
10 78 8003
85 14 1548
61 50 13126
6 5 13390
29 76 8663
49 107 1543
78 44 13346
31 56 3495
88 100 8043
109 110 595
37 27 3684
56 33 8409
88 118 1297
81 79 4916
52 40 7360
107 73 700
38 8 13488
94 49 7501
84 61 13677
19 23 4490
49 54 12848
2 68 3580
14 65 9385
27 55 10728
17 106 9887
79 103 4099
115 25 1668
119 15 2622
80 59 8922
116 35 2781
41 45 487
42 80 7923
27 99 12286
1 43 13237
60 118 13307
54 66 5191
58 98 1496
0 107 5552
92 89 11873
82 66 11654
111 19 6048
55 110 12827
40 116 7787
41 93 11835
55 67 11843
91 44 56
10 8 9064
62 82 4378
19 35 13834
30 60 12013
2 90 11680
87 39 8632
98 103 810
101 27 8054
101 12 7669
87 44 768
71 11 2949
29 37 7626
13 58 2895
90 45 1061
103 57 11271
56 87 13248
85 44 5971
117 59 7960
81 44 7876
62 69 5377
40 15 6696
89 112 165
12 59 11512
5 11 11833
33 114 11198
57 20 1695
70 58 7246
8 102 12319
80 119 9032
85 27 7964
33 59 10565
81 34 4931
9 74 3396
48 109 3264
51 36 6913
30 56 11127
69 15 12313
71 73 9704
82 98 13735
66 53 4911
71 88 14182
87 119 11735
11 52 11873
39 3 1128
27 39 13703
8 86 7424
3 18 9252
13 6 11526
50 83 7693
72 16 13551
79 30 10653
62 91 9008
33 91 13047
92 67 13726
90 25 4237
57 60 10961
60 55 6592
39 55 6842
111 24 5230
38 13 13426
57 77 5650
76 66 6162
60 81 26
58 6 3250
89 87 9354
89 101 2053
65 37 8661
107 9 5764
12 61 3304
78 85 8087
86 81 9108
21 34 4521
97 67 6961
73 18 1026
2 37 8794
28 86 12612
47 102 9695
6 46 11451
29 66 7720
87 88 6731
83 115 3136
59 106 10990
34 83 13798
25 1 661
89 29 5658
96 98 556
110 79 8852
5 9 1168
57 74 2257
100 77 46
81 5 5841
50 29 9027
85 28 9076
10 21 6328
42 36 3322
81 119 7404
92 2 13718
52 65 11357
2 29 4567
38 114 13938
16 45 10006
114 91 10887
19 42 2718
14 102 7031
53 17 1492
98 79 11763
9 62 7533
26 38 1616
36 109 9330
30 89 4291
35 37 4987
113 89 11555
45 88 1971
21 16 2821
109 104 9580
22 40 10664
93 4 10088
75 67 14086
56 89 9928
106 95 10006
91 73 2026
119 78 4789
58 31 7982
39 24 11593
111 101 5027
4 64 2194
0 2 13326
25 94 8939
76 110 5766
19 26 11374
105 70 5869
10 40 6655
76 28 949
42 78 13167
64 104 12166
90 107 5574
113 25 13935
75 102 8884
74 23 3528
54 17 12377
34 14 6477
30 58 13815
62 80 9822
87 2 10291
17 92 9971
97 82 1497
92 97 14229
113 68 4967
9 16 11485
7 31 8931
28 100 914
73 3 11880
64 116 1451
44 112 1312
111 74 5811
61 49 7715
50 24 3223
27 23 7808
16 57 391
96 47 1343
106 0 2644
42 111 7685
4 33 2476
105 13 11523
80 111 11541
60 9 1051
56 35 2951
17 72 5923
33 92 3310
35 50 13936
43 21 6746
50 91 13398
85 76 1248
69 103 1608
26 80 4099
67 8 2866
9 100 13147
55 2 13220
45 52 8604
45 59 13281
75 94 325
8 105 6086
45 82 1105
34 5 8401
4 19 7360
4 76 12043
16 116 13783
55 69 11461
13 112 13295
70 65 3962
51 99 2578
81 47 8530
91 15 2065
73 44 5971
14 110 4609
5 27 4588
88 99 4210
82 56 2480
95 80 11330
20 107 1170
76 49 2976
32 99 7371
82 65 8684
92 42 10475
3 98 3365
32 78 10404
94 60 11750
62 22 7069
62 46 8372
55 87 10969
39 85 11548
61 44 13657
12 88 6769
66 1 11948
116 88 4487
72 62 9182
36 33 12667
115 57 6736
76 0 3509
105 47 12301
19 63 2537
63 33 8430
49 116 11856
8 30 11351
65 115 12122
101 81 6579
29 74 3295
47 13 5009
29 110 10779
25 84 10421
4 95 4930
103 107 13517
16 91 7887
52 88 10825
58 61 6255
7 44 3296
23 94 3296
48 15 10012
92 73 2328
115 105 5538
100 35 1809
109 76 1244
22 63 3518
92 59 6592
75 14 8486
40 91 10835
108 45 436
105 31 13944
44 36 10578
77 56 8921
54 26 13185
82 1 3972
57 28 7457
93 51 7519
90 57 7767
114 67 2664
1 108 10880
10 71 10189
43 70 12868
90 113 12455
28 118 10020
47 110 6144
27 7 9619
84 114 5443
73 74 4209
67 14 3950
43 79 8816
50 36 7042
78 19 11242
17 99 10390
34 75 6600
74 51 5469
118 100 2422
103 1 12218
78 37 12145
89 82 2613
111 78 5177
3 69 13052
107 55 11577
50 11 13786
0 33 10986
100 79 11743
92 49 7167
9 15 7289
61 99 10884
112 88 1412
52 103 12826
34 20 891
43 96 12467
71 15 11456
113 52 1748
113 107 3173
106 9 6314
80 48 12928
43 63 6832
109 83 13806
38 97 5112
56 28 3559
69 7 604
12 33 8185
48 103 11713
20 108 4267
75 2 3485
77 44 3583
21 25 12966
10 104 3302
16 93 13035
1 8 10509
84 0 10605
41 62 13804
29 90 3413
56 41 2103
110 101 2597
16 4 9306
13 26 3470
114 35 9532
108 12 6943
89 81 9501
27 100 9847
79 88 608
45 113 9143
42 68 2709
5 69 13592
41 14 10688
41 99 7306
39 32 1708
75 92 7926
32 80 11692
98 23 1148
82 28 824
15 82 10043
19 55 2771
3 0 12172
47 7 803
71 33 1900
27 19 13801
75 110 3569
88 102 2413
31 81 13770
68 7 4279
113 3 2252
16 79 4888
15 107 9862
50 21 4960
18 56 11365
32 58 13186
59 70 2604
66 70 14065
100 62 5812
31 46 5659
37 93 14280
76 46 10220
86 85 6445
67 39 5870
36 73 7579
11 96 5854
76 6 2933
97 79 2628
10 93 10902
44 94 10495
94 4 8244
78 7 5830
92 93 4164
46 52 12844
93 74 10204
12 56 10620
116 118 9842
104 59 1075
49 118 11233
99 29 9899
88 3 11467
64 85 2215
96 20 6199
36 38 8105
5 71 7318
55 51 31
102 1 11930
106 99 6988
97 90 208
35 54 13786
8 13 4397
79 73 12257
98 26 12599
105 60 2996
19 87 11166
97 65 1258
87 86 10367
23 42 13053
79 52 8364
50 57 9897
20 16 4938
24 54 2613
27 62 3385
58 119 11714
96 48 2697
113 118 1125
21 63 9581
35 30 6895
11 16 12162
91 100 9430
101 77 12057
51 96 3231
103 67 1248
50 112 8416
13 108 3101
56 32 4109
87 84 2151
52 2 577
9 58 9601
6 115 566
107 96 2470
47 114 12070
80 72 12449
94 97 12341
77 91 6868
79 61 8271
118 58 8674
24 40 6171
106 18 8464
15 88 11635
44 76 714
1 45 11955
93 56 9418
90 72 11909
11 62 12589
57 68 5731
25 112 2286
45 70 8598
77 63 8670
89 109 6279
67 53 4838
105 82 12089
20 91 3835
66 27 9221
114 117 797
70 21 9435
1 110 541
47 69 11790
94 119 7197
35 90 10814
9 18 3228
48 63 1360
87 76 9467
56 96 12695
119 20 2166
36 11 7832
106 89 11440
40 9 5188
25 73 4998
22 13 872
1 32 12972
58 8 6773
14 44 8135
6 44 10488
44 27 5595
39 5 13101
105 0 11407
25 0 7885
62 74 12293
55 43 2162
3 91 11512
65 105 5375
54 27 9977
48 45 7360
62 39 864
49 90 11599
68 80 8997
65 2 4727
30 77 10371
112 83 2524
38 81 12477
91 67 10638
31 32 7224
95 47 13219
67 104 3967
85 13 12934
111 56 13979
76 48 6120
103 74 4926
68 52 7550
52 10 5227
100 75 8474
52 3 10220
79 71 12109
27 96 12285
96 15 7242
119 114 13818
62 71 1453
79 99 3658
72 5 9441
58 4 1393
8 23 7860
80 112 8244
105 2 11396
25 43 2918
19 68 6509
3 25 13781
108 101 8996
54 119 10896
103 63 9892
35 78 12711
9 20 11999
11 108 14133
23 37 13452
115 116 5171
114 57 9945
94 22 10292
61 109 9876
72 70 12179
105 72 7090
13 117 1624
0 86 177
56 27 10348
71 76 594
25 102 9271
93 40 450
87 27 2822
98 20 3096
10 110 8285
65 42 5872
6 93 3211
31 59 1222
51 111 8331
19 22 6206
88 20 13099
30 74 4317
90 58 1189
59 108 13377
90 37 5452
78 89 14278
99 18 9123
98 93 2977
3 103 7482
1 46 5469
84 1 11574
28 87 11707
54 11 1059
10 113 7419
82 87 1258
2 61 7684
83 60 11546
8 100 11968
81 91 1333
6 91 10990
13 80 6937
114 44 4255
36 103 11777
79 51 942
27 119 6196
101 37 4901
116 26 13952
7 114 11556
118 66 8282
46 93 7171
91 106 4105
103 35 4510
35 23 192
96 1 7648
59 109 431
57 1 7213
89 79 10978
1 6 8883
59 44 2151
90 75 9319
31 119 1715
36 23 9839
117 76 12513
65 59 3645
100 113 3987
15 58 9960
108 5 4313
78 117 9753
119 49 9611
44 118 6864
52 59 7087
45 111 13646
63 5 6944
48 85 11003
22 90 115
63 65 6682
73 50 11130
0 99 12730
110 56 11632
102 63 11782
11 105 7638
86 47 5689
41 74 9473
90 46 8608
22 113 11166
19 61 1459
26 66 608
11 88 1423
73 105 9908
92 8 1686
6 118 3721
9 33 7679
110 11 14173
42 90 10153
111 50 744
75 35 449
105 91 2930
49 20 165
52 82 8548
22 45 5517
35 51 5749
14 64 6076
66 37 11293
53 23 11429
112 100 13324
78 30 6845
97 52 13585
58 47 1097
29 47 13344
53 15 11772
99 14 1573
50 13 7636
104 100 1038
66 46 8366
95 118 2122
95 0 3721
35 42 9937
23 51 9876
86 55 4185
84 69 11852
43 106 7421
8 83 7801
76 97 9153
100 69 4213
54 111 8612
21 6 5383
14 98 3462
17 66 13874
84 14 9078
23 69 11768
47 60 4992
70 49 10676
31 50 11979
67 5 396
30 118 11128
91 39 2765
24 71 11270
7 65 1773
62 51 3067
62 52 9155
115 36 2966
97 12 3616
76 55 10901
98 71 2429
99 84 12196
47 119 7224
6 2 10532
101 0 6620
53 91 3940
104 69 5797
27 63 2086
66 52 12086
85 68 10549
25 41 12276
81 18 2777
88 106 12473
51 42 8330
51 91 9908
41 3 7526
87 61 13427
11 26 14033
68 65 4476
68 36 5954
73 31 6708
54 30 8888
102 65 5915
18 108 2429
46 51 7416
101 104 9380
16 90 7457
13 95 923
72 95 5679
69 27 947
40 14 13679
107 93 8089
55 50 3674
101 90 2769
57 31 7219
65 92 555
24 64 8133
9 11 12207
35 40 8780
12 32 7885
38 105 735
68 71 6506
92 32 8864
37 50 3041
21 72 12965
47 66 9326
103 38 11062
103 23 6899
115 64 9753
103 53 12505
91 103 6635
10 90 8427
21 93 9917
39 83 10738
2 57 13758
119 101 1611
62 29 13044
104 105 12220
62 104 7920
78 3 4981
72 55 4417
75 60 13512
80 69 11007
108 52 980
119 48 5461
48 88 10025
7 49 3714
9 61 1479
77 94 999
21 40 11260
98 2 88
106 97 10726
107 14 10817
26 96 409
11 59 6887
32 74 6598
116 81 10114
115 79 5621
117 92 6012
83 41 2918
63 62 12960
38 7 424
85 10 1766
119 107 7947
65 107 7794
49 67 13097
94 53 13114
94 118 880
95 54 5342
58 25 4197
69 57 3434
41 7 6221
63 38 9261
19 52 4728
25 23 3166
81 49 6692
14 26 3002
53 18 9763
19 67 8231
26 118 2316
118 11 1419
15 101 3708
9 115 6339
84 100 847
26 31 3246
61 40 7089
105 67 5487
106 62 10391
8 2 3481
38 27 4410
13 40 9071
13 23 1963
79 86 947
108 80 6575
99 87 2896
26 73 5363
99 72 2098
99 73 6288
82 116 1201
119 116 13830
25 49 3322
116 97 1566
3 21 12036
0 23 5888
18 2 12414
96 30 6828
109 1 9409
45 71 7256
59 5 1817
66 98 4285
91 11 6472
22 103 1049
119 95 6164
39 35 7595
62 31 12777
0 34 4464
93 63 10508
29 60 3779
66 69 13639
29 64 2855
0 45 8833
50 25 1406
53 77 9911
29 65 5897
52 77 7990
61 42 6768
88 42 12511
92 100 324
93 115 7762
56 116 9527
43 9 7839
1 74 4349
105 74 5650
88 76 6171
49 15 11772
20 105 7342
29 4 8223
63 0 10754
82 19 6923
71 94 8807
12 96 5338
78 0 5379
112 114 8498
48 95 11933
27 103 13053
16 64 3268
27 46 9992
105 53 12884
57 41 14007
108 96 10252
97 60 8453
63 32 483
48 60 8065
48 47 13634
74 20 12351
84 83 9954
104 57 7778
18 90 1755
109 51 4655
83 48 538
5 35 10904
99 71 13943
36 81 1164
6 94 2113
10 81 600
97 9 7023
98 77 150
71 16 3880
117 113 8262
69 67 12706
117 15 9711
60 114 5499
110 105 12637
1 83 13567
81 117 940
33 84 8157
118 20 13470
90 98 6000
24 87 4916
82 18 7399
72 0 4993
35 43 11793
57 21 7924
66 35 13908
49 38 10924
78 16 628
2 26 3091
7 56 11976
33 16 9244
13 1 8385
50 77 5961
58 89 10945
55 118 5077
23 81 11298
102 109 1929
65 76 11650
107 98 13700
46 13 10815
25 91 8143
49 115 0
33 7 6837
86 112 5136
108 88 13430
26 110 2137
39 23 3880
52 96 11952
33 110 2012
101 38 615
84 23 1753
99 26 11208
77 60 7174
53 110 10242
93 12 560
21 41 2722
107 77 10713
101 99 6638
116 43 12427
57 42 4488
65 72 4244
83 117 4211
102 74 5799
34 61 11470
9 45 4907
28 91 8083
56 95 2821
108 100 4601
101 62 7203
27 28 11229
59 110 10638
54 45 9354
32 111 169
111 95 232
49 36 1011
99 4 4582
118 1 1462
109 45 4041
68 34 6378
90 66 8517
51 105 1030
50 28 291
17 16 11990
106 46 10708
60 12 9380
28 20 737
74 116 498
84 32 4392
11 43 5263
106 5 2752
79 29 6535
99 76 12304
54 5 6492
32 35 10320
78 93 10089
85 82 8726
78 38 1731
66 13 9125
64 75 1234
115 100 7449
71 87 13140
113 61 4878
75 63 13876
17 114 4734
23 99 13182
54 4 4641
81 73 13619
110 74 8543
105 15 6149
81 93 4955
25 118 6124
62 114 2411
91 1 7196
116 19 1359
67 81 13769
94 65 9736
33 6 9709
99 116 2557
82 30 5943
95 39 7706
81 65 5555
101 87 5274
40 55 5684
21 115 10859
25 17 7994
58 46 3851
100 80 682
78 17 2021
73 104 10278
27 48 12630
33 19 5545
34 18 8550
14 9 39
83 67 7091
60 116 8162
18 38 4494
51 8 10705
114 32 3121
95 10 11926
116 28 8374
47 42 2205
24 85 562
104 117 3353
91 69 11798
33 14 843
86 114 3771
47 103 3719
27 86 7403
108 26 5004
20 78 11132
79 5 4734
6 75 8475
65 17 10554
98 29 3016
112 90 5563
105 97 335
56 98 7291
74 114 13140
110 116 3117
5 82 2554
58 92 9912
87 46 10850
47 44 11596
86 48 2074
24 74 7315
81 64 1806
33 74 1449
50 68 12671
93 99 14210
21 5 3370
94 74 13065
90 44 7139
19 105 362
114 31 11893
21 104 4806
109 2 12977
19 101 13300
61 95 12252
80 51 5673
87 51 1771
108 38 3323
71 103 5610
22 91 294
45 102 10783
95 52 2454
16 48 4172
62 102 7322
93 85 1729
117 73 9926
38 55 8832
77 38 2847
90 117 14117
28 63 8263
56 81 11075
68 25 5522
54 37 7808
65 93 14165
6 37 6305
72 44 808
60 27 2021
104 115 13393
112 102 12512
83 44 2166
30 113 7809
33 85 7662
119 88 13006
57 55 10567
20 112 1770
47 85 13772
105 54 8461
16 84 8013
6 9 2375
18 80 957
36 17 2920
85 71 6287
99 65 10201
40 78 5024
59 78 13999
18 51 4668
15 80 720
0 66 12501
6 80 266
103 116 3628
28 0 2331
55 44 5104
71 30 5370
66 18 3947
58 12 2306
49 14 4666
14 113 6176
50 92 13975
76 113 12404
114 81 11129
66 102 8289
45 33 9121
93 102 11906
54 21 12976
62 108 805
101 79 12746
48 8 13411
30 7 7196
18 67 13395
24 89 3608
93 109 9791
16 89 8123
58 78 10553
39 93 914
37 83 3381
43 29 1326
36 102 4648
41 35 13376
59 32 7538
81 78 5957
117 57 3015
78 18 8172
35 29 8187
96 60 9344
4 47 576
1 99 4903
95 100 11953
74 16 13268
64 26 5758
91 79 11677
84 35 12522
97 55 6602
104 74 14041
75 16 13979
73 12 6769
71 102 1992
117 98 6091
101 44 1221
34 94 451
89 69 8447
47 108 13934
26 106 10164
77 88 11711
68 20 8204
56 46 9048
33 90 2822
50 114 10367
7 84 12196
89 48 7017
64 50 13997
101 71 6400
57 91 1701
93 2 8483
51 53 8161
28 113 134
11 106 8689
37 100 7311
17 73 12262
86 53 5238
10 35 3152
37 119 9192
102 58 5206
4 40 12603
49 93 11492
45 8 12426
59 66 5154
52 12 503
51 50 628
92 3 8268
36 31 6678
55 29 3626
99 67 2977
37 69 4438
49 4 7588
112 57 3804
76 7 2862
37 57 10506
84 86 2450
19 74 4385
4 105 10859
34 48 10775
23 70 7800
60 64 7738
24 47 3065
37 36 6505
26 0 6736
60 53 13713
81 53 7749
80 87 2918
32 81 3946
117 105 4010
105 9 3119
81 103 13269
13 94 5333
46 59 3829
106 94 2193
23 117 9216
77 93 3021
95 18 10470
53 39 13735
87 10 13987
25 101 9772
8 27 10839
96 67 1838
38 23 6624
46 112 6772
119 30 13308
18 39 8168
55 81 5555
35 119 1994
42 75 10654
11 87 8599
78 43 13717
85 105 4149
99 47 11636
55 52 4548
90 102 3154
85 118 10585
39 68 1870
99 54 11351
5 97 11063
38 34 12084
97 50 4501
109 56 6038
112 19 1635
102 34 8760
29 116 10876
116 36 1490
88 4 13886
61 67 5004
8 91 8114
93 76 8269
7 112 2795
15 113 2732
67 115 8700
102 26 5565
6 67 5161
85 95 2446
79 10 10629
113 42 12278
101 54 5292
2 78 5854
77 4 4141
22 8 11695
35 47 12318
70 119 6028
42 48 3076
36 105 13088
46 108 10656
78 116 7357
86 118 9933
76 94 7965
71 111 13145
99 109 8915
70 98 13840
30 55 8497
21 98 3660
106 56 13463
54 81 7470
21 38 5143
15 78 11266
44 31 9020
57 65 7564
4 23 9324
35 52 3540
16 103 13600
14 50 4136
49 91 11873
14 89 13897
22 46 9948
80 98 1419
114 10 11506
34 88 7171
30 52 1704
23 46 8141
15 61 5336
17 75 1649
5 102 3040
112 107 8601
95 42 10238
91 93 14278
37 87 2973
75 13 630
12 57 10316
22 72 2576
20 4 7273
39 14 11729
43 113 13623
98 8 3726
20 45 1473
110 44 7544
68 22 611
2 58 13533
83 68 1228
31 77 13342
100 13 1972
28 77 3630
96 94 7092
80 113 13654
38 4 7663
15 28 13040
36 16 5014
71 23 8798
89 49 9461
38 60 222
69 90 9431
78 23 9865
89 25 4495
8 26 6867
56 60 1246
26 89 11368
53 106 7469
86 107 6105
31 82 1703
52 18 5728
116 89 8126
117 22 12577
48 57 3021
70 106 3887
118 57 13307
101 113 12022
7 81 6300
83 65 3111
31 3 1052
12 20 5048
69 0 3086
72 94 6136
50 113 12475
97 86 13533
69 108 12509
73 42 11749
106 24 2990
10 98 10619
110 81 13980
7 10 1632
91 101 1437
50 66 10839
82 83 1133
36 40 12289
60 7 13045
29 85 5230
110 100 367
34 32 7822
21 88 318
119 4 8044
107 50 1879
96 25 9954
27 67 3408
11 112 3446
1 3 8810
79 32 3479
105 26 9377
35 55 13075
22 39 12813
31 15 10057
109 86 14060
77 70 1140
32 36 1606
94 70 2116
39 77 4025
50 8 9767
18 96 6082
59 73 8150
111 2 9970
41 44 3404
33 87 7542
1 106 6038
109 49 3872
46 36 12404
30 115 2707
51 25 9720
46 88 2037
118 45 11576
14 3 2118
72 39 7459
35 59 14105
9 93 2938
100 68 5102
105 93 10201
95 58 3040
83 113 12123
97 2 8575
97 100 9770
80 52 6097
97 89 3878
40 37 12637
67 107 13049
114 52 11088
67 25 5211
13 35 1769
109 32 11122
52 90 5591
37 20 11092
112 45 7081
70 93 3906
62 12 6939
41 46 2690
8 110 6637
53 6 11935
77 72 6851
87 34 12749
37 76 1272
8 12 3702
45 80 5819
103 82 3000
54 34 10995
38 39 5837
106 8 9038
21 29 8044
32 14 8630
102 46 6727
55 82 13311
21 99 8225
53 116 13596
32 100 1454
106 73 10826
3 68 4198
93 71 3183
36 48 1817
40 3 11882
51 24 6812
38 89 13286
50 118 4207
63 24 5933
63 88 8024
46 85 5343
16 10 9796
64 45 12944
94 109 7743
41 20 6319
48 94 1082
31 70 6807
86 5 13749
9 113 13527
109 114 14257
19 70 12762
9 110 7452
1 17 13073
46 11 42
1 113 12558
4 73 6084
10 38 11267
74 0 9540
6 40 10420
12 110 1883
84 43 1352
67 74 257
17 41 9209
37 81 14069
117 49 10179
71 105 359
53 7 13855
9 30 9463
6 30 9935
39 34 1673
27 115 9938
90 43 1980
74 26 13372
40 56 1905
91 84 13810
0 57 6831
12 4 12131
64 44 6376
100 45 7287
115 37 7260
56 63 14115
70 88 12391
52 44 3272
65 54 330
86 49 10834
108 15 10510
94 55 2592
111 44 3650
33 93 5527
68 78 3307
74 80 6304
101 74 945
116 46 2317
17 87 377
19 2 3788
80 118 7612
113 39 1255
85 103 8317
18 104 6566
79 14 12981
104 55 9484
61 104 11141
96 89 13405
28 51 12938
36 83 14168
110 23 1637
92 35 7549
18 93 927
67 48 7618
72 9 7952
91 96 9511
4 28 7812
15 115 7809
46 114 1247
45 107 427
19 45 10954
39 101 12655
94 21 10841
89 57 9400
57 96 12663
57 61 5568
103 5 88
5 14 4777
35 3 757
42 66 6404
40 45 5354
66 112 2617
47 18 510
74 72 2199
61 64 10588
4 66 11290
43 98 10085
5 87 13423
10 43 5134
107 79 5948
26 82 12212
101 21 14232
97 28 10360
116 15 4541
13 48 13573
1 93 9694
100 89 12095
16 44 10798
119 24 1322
54 109 6837
60 65 4116
7 17 9868
77 47 4110
40 98 1225
47 40 8159
18 84 11198
47 62 11459
73 14 8481
98 15 3006
9 73 11624
44 9 5312
76 36 2362
5 47 841
93 11 13134
18 26 11381
0 14 11802
106 6 4158
56 2 11019
30 24 12489
32 75 7319
0 15 10079
41 13 3014
110 69 11568
53 58 2392
94 78 8067
38 52 10578
98 16 4706
111 87 4976
102 101 12797
59 61 2338
98 85 674
46 44 751
38 61 12290
66 84 1310
73 94 4472
11 38 12213
62 23 11858
58 17 420
20 89 3944
32 29 10034
85 102 10555
20 99 6202
68 72 2045
34 30 1456
50 63 799
85 113 2902
17 104 12066
9 85 9337
51 67 10406
4 72 9949
66 77 2937
34 67 2734
54 42 5749
59 60 13223
87 22 1342
15 2 3265
47 75 1378
60 16 13391
103 30 12279
21 114 12849
28 58 8413
69 19 8582
80 27 9088
77 82 9626
99 68 2682
118 32 6559
87 54 3787
59 71 2090
70 67 2760
100 99 6364
13 104 5356
30 83 4789
3 116 1340
70 48 7911
100 65 8599
86 31 2738
68 31 10988
58 66 3428
108 7 13391
89 47 2407
108 55 3889
42 115 1519
47 6 9350
77 75 9184
112 103 4074
56 91 9848
86 30 13615
20 82 8582
116 111 14177
112 64 4579
43 114 11777
109 31 10281
108 93 12581
19 51 10967
35 115 8130
119 38 298
106 86 7366
85 70 14193
63 3 7794
45 18 9111
1 39 6526
116 55 3287
8 89 6379
119 14 7834
113 59 9308
106 79 12242
37 67 3222
79 11 4048
108 85 11673
75 71 3302
94 105 2836
62 14 9672
20 19 1801
98 63 13886
90 109 8456
65 114 14057
49 75 7066
83 5 1587
77 0 12013
13 45 6302
22 36 3592
110 61 8091
26 61 13011
62 19 5103
48 108 13098
65 5 10216
11 15 9913
1 34 6232
80 70 12642
47 116 7435
114 82 5210
36 95 12233
31 115 12813
6 8 13641
100 5 5919
24 29 14249
108 76 10991
114 100 2690
117 85 8440
49 3 1482
75 9 11069
101 97 12113
28 107 1550
19 17 1890
20 90 4513
31 69 4700
78 55 12588
20 25 6823
78 9 6309
66 74 6881
106 20 6437
39 103 7412
7 59 11927
10 102 2311
20 116 13692
80 35 9957
14 19 6507
112 0 9777
69 82 12687
85 41 3869
7 66 14088
36 66 11143
86 116 13294
93 8 12159
90 4 6206
46 9 4104
117 75 8833
104 6 4233
45 94 6506
62 2 3309
68 43 2965
100 70 2599
108 41 1140
44 56 1124
67 93 8369
101 45 8688
107 19 3845
86 3 8483
45 69 6944
48 91 2238
106 12 4601
99 108 937
27 106 6333
9 13 9985
7 117 338
92 57 6758
89 36 10259
24 2 2364
109 33 7763
11 98 7366
118 91 8901
16 77 6016
113 47 5755
49 103 1593
31 107 6255
30 97 4185
93 69 4438
77 97 12734
25 37 4884
78 47 380
8 36 6512
15 83 9869
83 114 10159
69 97 11030
76 35 11896
101 14 113
64 40 5664
111 99 13241
41 60 5818
114 14 13790
28 40 11486
74 68 3233
113 31 11579
51 94 9298
38 40 11450
58 18 8948
96 106 714
110 104 11526
62 13 3023
82 119 4322
88 73 1171
71 112 8643
31 23 12241
112 96 12615
118 107 11143
71 56 13409
102 78 11940
43 12 3356
16 34 11493
64 87 8268
93 90 5699
89 0 5294
28 41 2028
105 101 6905
86 14 9926
14 36 2247
39 79 10066
30 111 2559
32 42 56
86 115 559
66 68 13046
92 66 11401
22 38 10260
71 52 119
77 113 6405
97 25 12837
79 119 13412
108 22 7971
25 55 7888
45 116 2191
69 34 7080
24 6 2135
97 59 6362
89 83 7352
39 119 11740
20 8 14132
36 34 5348
77 90 8289
116 108 13914
79 22 7252
32 41 173
102 99 7730
66 85 11805
18 23 7339
25 47 4234
60 95 6893
45 11 10972
108 118 45
117 50 2543
34 49 14066
102 104 12273
90 14 151
46 4 12876
50 45 7426
34 82 11463
28 84 2770
111 48 14179
38 70 7706
112 99 9255
98 60 8449
47 10 5423
78 109 3529
26 119 7107
9 36 1964
106 22 3792
107 30 2794
47 63 10370
94 116 3516
10 41 4620
115 58 7447
112 56 12264
56 79 12801
14 68 12643
54 16 9659
104 70 12172
90 8 3089
22 2 2165
6 49 653
11 7 8513
44 95 13183
89 80 12086
107 61 2801
17 28 9524
112 28 4681
22 116 3891
29 81 11720
73 85 8084
55 90 11057
112 22 8436
26 17 12439
84 15 13673
103 11 7165
69 117 995
23 109 12992
6 85 5807
114 89 803
49 110 7883
104 114 10914
9 49 5433
44 45 8714
42 18 4792
49 1 3834
45 85 9701
106 69 10724
96 44 1990
93 29 4509
81 16 5279
79 7 387
16 100 7156
49 99 7651
78 80 2780
68 26 3082
20 42 7742
34 8 10974
26 83 13462
66 5 7372
98 1 3465
90 85 10550
90 100 13397
36 15 13369
21 59 12347
73 46 10351
98 91 11818
24 116 755
47 32 6886
69 98 2989
21 67 4356
90 71 9771
15 50 8289
86 70 12215
77 119 5601
20 69 8792
29 12 12417
40 25 2171
78 4 12587
41 90 13572
16 50 1083
38 19 11358
116 31 9178
2 116 8264
25 82 11824
112 78 11374
26 78 10496
87 38 6189
75 116 7380
31 43 4024
76 96 5231
100 58 1072
99 107 2728
116 63 7836
111 57 3218
89 19 1033
42 104 8554
26 90 8729
17 82 7223
36 7 2899
54 62 13230
78 71 4294
115 19 1107
78 8 3840
17 11 10314
8 46 5330
102 52 12018
81 71 13576
2 81 7235
9 34 11566
83 19 1349
29 68 9005
7 24 2421
109 15 1089
88 61 9560
60 34 11825
7 80 13433
53 33 5515
97 54 11634
112 48 4173
33 39 7704
73 119 14015
42 7 2067
15 47 2459
103 6 1078
53 29 11076
40 30 9558
77 36 11141
118 61 7930
64 98 6961
27 90 2547
53 68 8732
115 39 214
28 67 11650
32 4 666
46 113 10263
55 59 6101
105 87 297
21 83 12196
22 92 8694
107 34 8944
101 34 7267
72 11 5849
79 69 10739
65 11 377
86 99 12487
23 67 9740
46 98 4405
20 44 5213
70 87 9745
57 66 11364
87 58 6418
94 42 7150
62 94 11274
99 2 10283
65 51 13712
74 4 1982
49 98 4181
7 19 6849
118 110 1067
102 68 4890
21 19 6604
48 59 3375
95 20 13006
61 30 10883
28 36 12376
99 11 7241
14 103 7316
89 18 11626
97 63 2217
110 40 10387
30 3 12097
40 85 8663
45 92 13365
12 82 662
110 108 12633
7 77 5469
36 90 3523
22 98 4729
27 41 2537
35 96 9706
4 57 548
19 36 3283
85 94 10584
28 35 534
53 48 8754
108 115 11488
30 25 11964
39 7 4896
52 54 2703
48 106 3521
37 71 6341
86 33 552
102 61 5138
18 105 5087
96 49 9173
24 21 6788
101 26 1819
71 96 11305
105 14 3878
52 24 479
98 106 8352
56 69 13703
20 84 964
20 5 5686
52 17 6658
61 32 9550
36 12 4628
80 44 13271
33 95 13694
103 68 9453
67 66 14206
106 44 13209
63 9 10793
84 110 7151
18 101 7881
33 30 6233
83 28 13983
9 59 1082
47 46 202
67 101 7484
80 61 9959
86 92 2285
78 67 10732
2 36 3564
113 53 7047
89 44 6981
9 70 9390
34 63 11935
111 114 3418
4 116 6024
41 104 6585
99 118 12593
33 98 12341
53 41 8116
11 117 5788
98 17 9359
119 53 3457
60 109 5380
19 88 13786
91 27 11056
46 20 9697
31 12 11406
113 65 13787
75 66 9924
47 73 11651
84 111 8280
100 86 13586
4 7 12063
41 88 6193
22 107 14159
76 41 13026
108 60 11437
50 52 11846
110 42 2082
110 91 11941
106 49 4700
25 119 1893
64 69 4989
45 62 2983
14 66 2729
50 98 4587
30 68 10959
43 33 751
28 94 9767
58 11 2829
73 49 4899
24 88 1268
20 77 11959
54 104 13208
61 43 8816
49 56 2198
113 72 12371
80 109 7648
31 108 3288
17 40 10157
27 6 2772
111 92 2937
32 94 13535
98 0 10911
64 96 6462
39 47 4121
112 91 9066
22 1 13717
25 52 12874
47 17 8667
104 112 580
48 65 14199
91 0 6430
60 82 4996
26 16 5223
21 56 5168
86 9 2655
78 84 12045
110 25 3144
95 117 4219
109 5 5223
80 75 1788
39 111 128
54 76 11085
72 32 8051
14 4 12938
100 66 3646
19 86 10394
74 63 6534
63 84 11962
74 87 3862
8 42 5604
94 114 13901
26 28 1385
87 45 9644
66 81 10908
17 20 8934
108 56 4115
6 12 12901
68 13 3625
117 82 9459
113 16 10193
98 42 2799
94 41 8041
118 22 11650
68 27 27
109 55 6362
12 54 13466
59 54 3858
65 4 7252
80 50 9534
67 90 3279
69 22 799
83 64 354
110 30 13062
56 52 11598
95 76 1548
63 91 62
36 0 721
65 18 1401
38 37 4834
82 27 12325
65 84 7002
14 52 3007
10 96 9934
90 88 11450
37 56 13697
113 95 6811
64 57 8760
14 100 7351
63 105 8481
110 99 11975
18 49 3959
1 4 4664
98 73 7395
3 80 5137
94 10 6498
74 115 8218
94 67 7545
71 104 8469
51 57 7184
5 13 1837
77 80 2974
80 99 13427
19 32 1705
105 66 8074
90 19 3052
25 103 8090
78 100 7018
86 64 3688
18 119 631
15 43 8675
86 21 1205
101 57 9845
53 27 14187
18 24 367
36 75 10305
96 36 4545
29 51 13834
21 103 10058
14 81 6478
33 77 9201
44 68 12795
31 79 1443
70 112 3401
12 53 5252
97 81 9594
32 21 9674
12 72 11227
92 60 10464
109 47 7627
115 81 5846
57 93 649
76 112 12211
4 61 4904
53 31 7964
118 0 8820
87 21 13789
36 70 9111
7 48 2113
66 25 555
104 51 13381
17 51 3849
3 95 12419
87 41 4972
1 78 1779
34 104 6001
103 89 13978
58 103 3858
59 86 9473
100 0 5349
32 23 776
85 20 7403
26 117 1626
78 33 10519
63 54 1400
74 108 11929
10 69 2282
18 36 11377
80 41 4523
45 114 6435
107 37 5773
85 109 8523
57 106 5232
23 87 6086
26 93 2753
19 81 12864
25 77 3816
59 116 5683
63 25 10189
107 88 5400
15 103 897
40 58 3551
31 65 12286
70 108 4874
53 98 5167
46 39 4628
4 96 4604
89 85 8291
5 26 13238
14 15 2932
43 62 6041
116 73 13873
65 13 1368
93 112 12399
81 80 246
77 15 7258
70 37 13587
7 103 11839
63 86 13745
17 107 11379
36 74 7947
65 74 10120
84 21 13152
84 50 13396
87 13 2344
104 96 5230
119 28 1788
105 24 3256
49 105 5848
47 12 5420
87 53 9745
64 103 6152
86 89 1786
63 55 738
9 84 13065
99 91 13055
30 36 8792
47 94 12230
35 65 14187
70 75 1071
44 22 1405
13 91 1947
44 74 12267
119 10 2439
95 43 13167
105 61 1907
96 87 14262
30 57 9276
37 26 11089
42 100 163
31 20 8724
38 84 12314
17 119 3797
3 27 11570
99 33 1866
27 30 2440
46 111 12326
110 107 875
84 4 8341
52 101 7239
112 27 13750
19 64 14217
51 5 7362
104 107 8547
80 60 10883
36 101 1320
30 104 11523
3 100 6219
119 42 6096
113 112 747
13 3 5626
5 112 3429
4 30 7181
36 69 6881
86 24 13092
68 54 1043
45 73 11881
31 21 11010
102 11 1203
30 53 12369
114 29 2390
6 82 2507
38 9 9274
49 2 6220
23 34 1480
43 112 2047
16 87 8323
0 93 8394
68 105 3615
56 94 3445
77 92 11232
115 12 9343
103 62 12903
63 72 7406
61 101 1700
38 12 13497
64 34 3562
13 36 5751
6 55 5582
72 36 8050
55 21 8310
42 2 13732
94 87 9209
20 62 1114
2 44 63
21 33 10145
111 14 10832
25 78 13113
67 3 13115
71 55 7420
97 96 8296
102 84 5781
22 82 13323
77 104 13455
107 62 6304
104 82 2577
43 115 42
37 42 344
75 33 5872
72 97 5790
88 89 6207
71 92 4704
10 18 1160
115 94 13215
60 99 2294
17 43 11004
19 18 7238
85 51 11377
100 38 8616
113 103 7408
10 107 2265
44 23 2512
112 118 7065
78 56 7685
79 1 3743
59 0 12261
54 103 657
79 72 10560
26 10 14104
48 116 6489
26 1 162
99 43 6732
45 6 6737
112 55 402
56 80 2896
71 51 4951
58 37 5545
56 119 13547
11 34 4640
60 74 5357
111 108 12615
51 49 12392
71 4 2974
94 36 874
27 16 4064
40 89 4272
8 49 11400
108 89 13640
16 39 5506
63 111 14233
40 41 3821
60 4 14144
37 34 9615
20 117 5768
72 37 8578
104 65 3573
9 52 5597
32 20 11762
47 87 11278
65 108 7423
16 13 4123
38 35 5094
22 73 13930
46 105 1944
7 98 11246
20 59 1946
14 88 1914
111 21 8287
98 72 6481
68 107 1386
104 83 2170
103 40 7149
3 72 11653
72 18 3215
30 63 7947
6 26 14093
114 85 9692
119 100 9199
43 81 2787
24 37 7551
18 118 7437
48 3 4312
104 15 13533
80 38 10658
60 113 8686
22 49 10453
72 49 13363
28 7 9392
107 29 316
96 40 2038
27 33 13936
83 90 3815
31 100 7400
11 21 7890
64 31 12437
25 64 9818
57 88 10376
62 1 13668
18 111 9041
1 7 7851
24 38 3777
116 18 1359
32 73 10214
4 37 4628
32 95 12488
58 27 7215
68 11 8915
17 3 8615
79 60 4981
71 32 1725
24 103 1372
114 4 12148
83 43 2427
43 16 6446
88 40 7069
61 29 7722
31 74 12547
94 46 8847
34 47 1491
54 58 1857
11 95 4808
12 13 6646
114 115 1525
117 4 2778
51 26 11518
12 65 6598
78 86 8421
16 104 4877
7 74 9055
98 92 7083
44 97 9985
106 2 4091
4 2 1822
41 2 7901
92 96 8405
7 6 6048
29 109 6341
17 74 3079
41 24 8747
14 25 13172
44 71 13496
73 0 5990
92 116 12823
72 35 14098
9 87 11240
33 49 13092
78 113 10058
71 113 8930
93 22 11922
42 55 5150
96 16 4951
113 51 1367
59 93 3695
89 35 3607
23 115 9378
52 5 2617
80 9 2311
118 7 1658
71 54 1462
21 117 916
95 34 7495
60 18 6749
103 10 1095
106 113 1016
72 13 13258
95 24 2224
33 68 3391
54 79 3953
4 56 2887
26 109 6282
24 59 12465
22 115 10274
32 54 6679
91 59 463
53 3 3890
25 70 3687
23 116 5152
6 105 13516
43 66 12140
52 119 10205
104 28 1833
119 93 11635
55 20 5356
83 72 6563
95 9 2453
43 74 10332
106 52 3996
97 99 3550
38 91 4863
40 59 1949
45 75 7204
99 46 2302
15 32 13394
44 49 4508
76 26 6302
89 39 10963
11 86 2067
5 0 8554
96 84 13134
52 29 9374
68 69 12750
23 50 10496
68 18 9845
57 107 532
82 9 12458
52 100 5169
70 107 4210
47 26 4608
82 86 7533
60 49 3603
47 117 9233
50 33 6334
92 95 7305
58 48 13596
20 76 5608
66 109 11677
64 110 11923
66 60 13838
2 5 1723
23 106 12770
41 102 13716
73 63 8775
1 81 936
38 107 699
108 28 5765
83 40 10421
16 114 9546
54 102 12841
32 86 3145
83 74 3380
13 90 4888
31 41 11966
84 46 9590
38 69 9985
25 9 14242
45 46 4141
88 103 11720
82 96 2369
17 15 10737
98 88 4506
8 97 7910
8 44 760
117 86 5222
73 87 14239
95 49 8608
77 115 2009
91 65 14107
49 5 7132
74 35 195
29 3 1929
114 15 839
6 109 12704
88 72 7406
105 27 11946
108 42 3847
12 103 7077
50 86 7411
12 112 6107
118 42 14147
34 24 13288
47 65 5120
30 75 8140
71 67 13376
53 76 8348
1 101 14276
94 54 155
71 27 8053
62 32 7467
78 62 2141
31 14 9797
4 53 9827
84 92 7887
81 118 2776
6 56 10079
117 93 5396
9 42 6543
115 95 4352
27 40 9168
44 39 2608
113 23 5649
75 65 4612
86 68 13075
25 4 2580
61 98 5188
109 21 8917
37 82 4576
11 70 984
83 107 5250
10 80 10561
100 85 136
81 99 6521
90 105 2793
26 81 5595
8 15 12745
98 24 9789
114 48 559
72 110 11900
103 8 3613
101 68 12299
116 95 5526
29 63 2660
26 43 7766
116 12 11494
93 82 13231
37 108 7529
79 90 2939
50 109 14168
89 90 9212
18 37 513
88 80 14223
53 47 1209
26 12 12307
62 5 14237
95 93 975
37 7 7973
63 51 11727
45 79 837
100 61 383
70 61 5678
97 117 659
1 11 3742
66 79 6369
35 24 13407
69 58 13218
18 115 2934
72 89 5360
16 117 7821
100 76 10512
73 102 492
46 80 13365
110 112 1428
88 104 12510
8 113 11824
62 81 13681
107 42 8477
107 92 8194
99 114 3666
64 58 10185
50 90 13694
12 95 10226
36 62 12981
92 106 6055
17 12 12710
67 108 3853
115 102 3661
13 82 8846
97 20 2155
40 86 3220
47 36 9711
52 89 4182
71 38 12164
21 91 246
100 106 7902
93 55 10462
72 78 2394
49 43 1120
95 82 5865
102 33 14061
54 117 4158
80 110 4671
28 38 447
66 12 5161
97 0 1530
53 92 9942
6 3 6299
53 90 775
55 49 11797
105 95 6026
14 112 10728
75 12 5996
58 77 3134
54 73 8767
39 63 12630
18 40 13825
61 74 6727
72 25 4200
17 38 6007
40 107 7456
98 84 2080
115 10 10762
0 29 4103
20 30 3988
23 100 10939
100 87 13641
87 43 10979
63 85 6113
112 60 4748
41 73 2785
102 116 9748
79 111 9765
10 45 643
45 42 13772
45 30 8606
100 72 8388
62 48 8668
90 12 13385
5 44 6512
12 22 9077
33 94 5063
116 83 6495
81 107 5001
48 9 4043
115 106 8879
112 52 11944
97 64 612
33 69 6361
73 21 9910
65 36 9572
45 35 13274
2 33 13102
47 90 3027
83 51 10667
64 37 403
12 105 2306
73 27 7439
86 60 9634
92 74 6220
65 8 1864
107 26 268
92 1 5563
64 47 12021
6 69 14173
36 78 4630
70 32 11465
48 90 13162
7 93 1758
48 37 10767
96 5 129
53 20 1537
42 11 11436
56 23 2908
86 20 7218
33 64 10889
111 113 5015
48 30 276
29 18 1351
77 74 3858
56 48 6371
38 5 8260
51 119 5045
112 1 6710
67 40 6714
80 64 12946
46 19 993
53 57 7104
81 105 3811
43 24 1926
65 27 7129
15 60 13022
41 48 7677
4 68 3771
23 85 3572
98 99 8541
118 93 11070
71 14 2651
18 46 615
59 27 10552
18 57 4011
26 97 308
53 24 2928
82 101 7323
70 73 3068
67 58 3027
59 103 7676
10 44 2022
101 56 8621
53 96 2257
32 3 2450
105 77 143
27 18 5533
70 117 5688
105 10 4939
3 62 8899
77 86 5079
68 60 7485
48 97 10829
106 28 5780
56 84 9925
94 110 8946
114 77 13048
70 53 13007
103 115 4317
87 40 11853
113 44 11058
46 10 5701
71 28 852
42 103 11824
31 13 14066
20 109 2958
111 15 8770
16 65 10429
9 28 10346
95 102 13552
14 93 73
62 42 5436
119 106 4250
106 32 1227
56 10 5771
87 98 7955
36 91 3529
117 35 11288
87 50 659
88 94 673
46 96 10982
0 87 13815
19 44 3586
41 115 4091
40 118 1413
95 98 7664
6 41 11918
46 30 8280
69 76 4689
87 112 5498
5 36 2591
87 29 12439
64 82 2095
58 110 13818
35 81 9521
10 97 6473
108 29 13916
44 21 8528
87 91 6463
22 78 7119
38 75 7097
113 81 8897
103 109 9785
90 24 2665
63 106 11062
109 42 11132
70 44 12892
28 95 2920
50 105 8726
85 31 2059
82 29 771
11 66 14276
30 31 1275
24 82 4308
33 11 2749
95 27 8037
8 73 2190
57 6 1121
37 105 2823
17 85 10347
99 44 4252
98 47 14
87 114 1428
85 1 10207
59 99 6115
35 93 9866
87 25 10031
15 99 4429
17 67 3258
70 40 12660
63 12 8412
79 65 5591
94 98 9038
96 86 7973
51 56 1502
88 10 12989
44 116 6779
3 64 9135
113 109 11581
7 90 8190
109 28 9480
99 28 5622
7 18 3674
31 38 13301
34 65 9314
85 59 3080
82 112 8515
102 86 7043
9 81 13924
71 86 13728
57 25 72
19 57 8987
106 117 11637
23 107 9147
17 101 970
79 80 2778
77 34 7972
25 46 9293
100 67 8207
71 35 7978
119 104 8336
70 62 5158
85 115 9831
20 115 9643
79 44 5138
71 119 8649
91 107 4520
112 68 8352
8 21 10979
81 4 11050
111 77 6162
81 41 6682
13 56 12889
104 32 13945
27 74 490
23 88 432
38 95 9570
7 2 10500
35 62 12967
1 90 5059
23 101 11210
7 21 339
0 19 8744
42 67 9588
117 38 8562
42 60 5206
62 93 8171
48 105 2150
46 70 10910
91 30 3047
77 54 9016
108 17 8020
33 24 6993
18 70 3352
102 118 9868
57 99 2935
38 14 10437
4 10 4859
77 69 5134
53 109 2886
18 87 6396
87 66 1280
16 23 14170
7 89 6079
69 60 3727
41 61 11873
81 3 2552
99 103 4646
25 111 11895
3 71 6069
43 14 10694
113 64 11068
7 23 6906
89 66 10976
72 20 12066
63 71 1400
18 44 1202
91 71 13002
113 33 10238
6 22 9577
2 79 12120
114 88 10038
86 42 7837
76 25 8171
24 15 3716
66 9 12049
20 93 8601
42 114 9796
24 104 4746
43 76 13708
78 95 5360
80 49 5314
61 39 9351
58 82 10505
44 24 5763
63 114 12515
3 4 1388
117 28 9352
103 41 5555
62 4 4688
66 96 10757
27 15 13620
41 106 11081
6 36 2418
5 76 12892
110 37 6709
19 41 8
73 97 3006
79 27 56
84 26 11629
30 32 2388
69 39 12839
108 10 10104
98 13 9589
48 79 5913
51 68 6069
30 76 2690
35 57 7497
2 80 5685
115 78 3847
47 91 1983
5 22 375
27 93 446
39 81 13439
77 103 9740
48 6 7395
33 66 11218
108 43 8602
53 64 6831
67 44 10009
102 42 9186
46 89 4230
13 69 7189
46 3 8646
30 59 14280
15 52 4020
118 83 965
36 1 8589
91 45 12452
58 60 8710
104 98 6689
26 58 2849
35 46 6933
62 55 3411
58 51 11007
92 72 11261
64 93 4380
11 14 3895
107 80 7797
99 104 6518
31 89 9031
49 32 216
18 30 5372
69 43 11939
89 62 2260
69 65 4660
31 24 6658
98 25 10481
92 5 13268
5 8 5346
48 50 12113
4 27 1607
69 18 447
93 32 916
56 16 4610
96 13 9301
46 63 153
5 104 11270
32 18 6366
101 47 10542
44 109 8325
39 110 6716
109 73 5270
51 107 8404
24 101 7194
61 86 12700
82 91 9054
76 52 8345
50 56 817
110 6 11147
72 82 4641
8 112 5738
60 37 14111
103 106 14105
101 116 1558
74 55 8060
62 99 12558
9 114 10297
58 88 5213
54 96 1227
38 72 5643
2 67 12290
54 86 3754
11 104 4975
74 53 1532
105 69 3332
85 74 12246
62 96 13804
47 106 11839
10 59 12223
64 10 6625
6 100 11904
34 35 12822
23 48 8269
11 30 10525
43 102 895
5 19 9154
36 4 10270
11 4 8541
69 95 41
52 57 5385
12 3 9784
24 11 9665
4 59 7200
1 53 11055
44 53 7400
79 41 11826
63 109 13304
54 46 2319
104 46 10275
119 1 13480
76 1 12792
32 65 496
40 117 7087
76 83 12553
76 60 4361
3 101 13149
74 38 6116
52 6 1458
83 52 917
30 70 8730
17 64 5423
60 45 11488
43 111 5157
45 26 5459
13 10 3669
76 79 2964
77 99 9169
33 20 11548
47 82 12693
106 107 4407
110 28 10546
41 78 11881
34 2 2989
90 108 7916
115 28 10277
67 110 10705
54 75 4304
102 19 12910
91 102 3751
109 72 4805
47 52 1964
69 51 1637
95 86 10860
27 1 10381
49 27 8512
84 53 8751
92 41 9394
62 49 3149
16 111 7850
84 107 12503
48 87 5397
28 92 1855
18 16 2658
102 80 8908
116 7 4581
55 73 3354
19 15 11089
32 76 2897
82 32 9490
39 26 10545
34 98 3045
12 2 9991
16 25 7950
16 61 7192
107 66 2042
57 15 1667
38 99 4907
44 57 3188
115 46 5077
101 16 530
47 97 481
112 109 8378
54 72 6833
110 73 494
85 34 8370
53 112 7551
103 65 1552
111 36 3241
116 106 5087
9 101 2958
95 59 5088
12 37 13696
34 19 2675
33 37 493
55 56 3671
16 118 11175
106 110 5245
43 85 12448
76 13 2713
113 17 4253
64 59 11227
79 117 3657
55 100 3865
58 83 4818
54 22 3730
32 10 4918
3 93 3217
92 82 11873
8 52 5675
112 74 5376
110 86 13812
52 60 13683
93 13 4434
51 30 6790
110 62 17
52 31 512
39 28 3294
75 93 1382
16 80 12057
77 83 11030
82 39 1347
66 114 13177
65 3 11156
52 26 4347
20 43 561
2 101 7917
81 98 6446
118 27 7613
46 68 1594
91 42 3593
79 113 11618
56 104 9879
84 93 3980
111 12 12118
60 46 5677
53 104 12524
22 58 6105
16 1 141
117 48 12906
54 18 678
15 89 1161
82 79 2700
5 16 4319
119 65 3912
103 26 9179
34 116 6564
50 95 5563
48 46 13381
82 84 12530
4 22 9133
45 115 535
118 111 9821
92 30 13090
22 99 5125
28 64 2158
62 109 11132
81 20 4757
54 118 6516
112 30 11652
103 95 6551
118 38 2477
96 105 9098
2 50 5967
114 79 9224
3 22 3243
109 14 7871
21 61 10269
12 46 12458
117 102 1806
27 114 12404
34 42 6305
104 116 7196
20 114 58
59 19 8456
55 5 11481
4 50 1113
26 70 9269
65 95 7892
104 36 5267
111 17 1822
85 65 293
78 99 1631
87 32 4374
69 70 11409
17 4 13712
15 54 13774
70 35 11235
19 13 8441
49 88 11496
57 95 4861
66 10 5727
42 69 11345
111 20 1844
16 82 8539
46 78 13599
82 71 5105
59 89 12897
92 76 6949
43 75 14059
57 102 5707
91 108 3605
25 92 8938
83 17 4466
2 47 8083
57 82 4131
10 89 1024
5 56 7534
114 56 9832
89 65 342
20 101 1832
18 35 7412
75 58 9433
24 57 9116
72 67 2715
79 47 3862
11 51 1772
29 44 7156
0 35 3300
77 19 8160
29 83 11709
45 25 5811
107 41 8491
65 86 11141
62 61 2822
24 96 8063
16 8 5195
35 102 12309
89 4 4763
40 79 3547
8 115 14191
18 107 7715
91 88 5208
69 72 5365
75 96 10378
71 116 2626
42 39 6828
14 96 2755
117 29 4860
69 21 5641
16 97 7447
96 61 8041
94 12 7675
46 64 987
108 34 14113
99 113 5994
9 57 1043
79 63 4831
8 81 13208
5 74 4803
105 39 12771
57 38 11295
8 116 2412
74 82 11168
47 88 13382
21 26 5052
47 67 11863
10 14 1062
13 74 8417
47 31 3141
50 58 9780
85 35 12699
5 17 12627
105 40 1450
40 12 1329
106 13 12257
84 12 3029
25 12 12385
71 41 11979
27 78 11950
5 15 11798
29 8 2450
45 24 1851
96 117 11133
116 62 8656
28 54 9403
65 20 6987
109 107 2005
24 66 10309
46 14 7887
72 41 3798
42 93 2385
109 17 14113
111 109 3093
104 113 2395
40 34 14048
98 55 589
60 14 2581
104 8 354
19 119 437
79 95 12019
91 75 2895
114 28 10467
12 49 11435
1 12 14206
38 51 3878
72 116 9309
68 96 213
55 7 3618
105 107 9112
13 115 13915
87 106 9572
116 85 6975
103 61 5644
28 24 655
92 4 6967
77 26 4907
11 13 6047
8 53 10873
70 99 5293
111 34 13535
47 22 3760
118 67 1722
103 44 7041
38 64 12848
104 92 12017
106 108 10312
54 48 5750
79 25 13082
82 50 6287
15 41 7996
91 74 6581
119 22 4549
48 18 10042
25 93 4873
25 33 5677
117 119 1130
59 56 13594
17 59 7998
29 94 2885
43 42 1472
107 27 6257
107 72 2759
46 38 9400
42 40 2496
54 55 359
88 117 13597
95 16 7821
67 32 4370
90 38 8642
75 101 3557
66 91 5249
77 65 1799
63 26 9610
23 24 7323
14 87 3298
83 66 3551
71 64 2790
85 18 7284
21 13 12471
2 73 12428
19 75 9716
113 6 11933
67 10 9701
74 98 900
24 93 5965
89 45 2528
55 41 6307
113 86 7942
16 0 5044
109 16 480
51 14 1176
41 116 11919
18 113 10537
67 46 3104
75 109 7617
78 76 1376
45 7 1233
78 105 3969
94 3 10394
55 12 3972
38 109 9218
58 49 2988
108 50 2141
41 16 13474
35 73 14077
107 44 7854
103 37 5266
17 117 288
65 28 3603
76 10 8298
32 40 8885
34 74 10570
99 37 3761
87 35 11101
71 115 10783
21 96 1709
68 91 6345
48 113 11537
34 73 6487
41 75 9555
71 39 9212
76 107 6216
8 76 12908
64 12 9011
101 60 12477
75 29 13826
28 60 2045
16 31 7448
75 111 6906
39 9 12067
22 97 5463
63 16 7274
32 68 2990
63 101 1802
73 7 7054
21 49 3564
12 19 7452
79 59 14079
76 73 11088
58 52 5119
69 71 7328
22 56 5857
118 15 4432
111 94 9576
27 32 2860
101 100 2179
92 90 6131
59 2 3570
76 3 6168
81 30 11223
45 74 3142
110 45 9992
2 35 440
49 112 12862
14 23 3548
40 48 8823
43 41 13911
53 13 2990
95 107 12098
2 53 3243
19 76 8154
37 75 5585
32 88 6146
109 58 14060
103 19 7281
9 77 7946
114 76 1042
61 48 8698
78 91 7704
107 36 12752
81 109 11642
117 64 6763
84 73 262
81 28 2729
106 78 14250
88 33 9788
101 112 12031
42 5 1062
11 22 1821
25 53 8971
48 77 12532
111 106 12270
88 110 4101
119 33 12113
91 83 4247
62 44 5067
68 6 1795
41 101 4549
2 96 3799
105 58 2187
57 11 2521
32 55 5770
69 8 2520
107 35 13248
66 115 10258
98 48 4434
119 63 8172
109 117 10093
30 67 4346
84 94 3121
94 2 4521
67 4 6657
38 29 13055
111 90 7718
28 52 194
38 54 5037
0 4 6717
91 9 9339
66 45 3918
97 19 4004
52 115 5370
4 43 6526
78 64 1707
80 114 9867
5 1 4220
6 84 688
81 50 13615
70 34 1300
28 103 6642
39 10 10053
94 57 10099
48 26 3782
78 73 13217
13 71 4454
100 81 7969
31 0 859
4 118 4717
83 87 11491
80 1 3742
91 64 12851
87 92 8881
37 5 13622
101 32 338
85 38 3517
39 19 4673
89 70 13482
23 83 2452
36 45 3800
39 58 11886
103 92 953
2 83 5358
101 55 1156
97 110 5323
59 69 12837
91 72 13902
33 82 472
98 4 12591
110 38 13976
69 30 12449
27 29 378
78 6 12078
99 58 8879
65 6 611
73 29 1249
89 33 311
117 9 118
24 67 1039
114 24 3943
101 72 11921
63 66 12045
72 15 773
22 60 1467
45 96 9302
86 4 5056
118 117 9599
104 108 6931
119 13 12387
15 4 5957
3 37 2904
51 88 4840
74 118 9828
15 68 1030
107 43 9452
16 49 9677
3 102 6976
33 44 962
40 11 4317
2 66 6499
104 29 14175
52 70 14092
65 44 11349
80 34 4473
101 35 13112
106 67 5854
88 18 10630
7 113 8559
5 75 366
103 70 9881
8 117 8128
36 98 7403
88 74 5837
87 52 12484
95 97 2102
88 8 220
14 35 7664
61 75 13715
46 103 12646
112 32 473
118 51 5500
81 88 2125
114 90 8134
35 79 1316
39 50 1376
27 117 5260
37 74 2682
54 8 9492
81 82 11499
35 6 14064
82 21 94
114 78 6960
72 76 13355
13 84 7548
25 39 9456
73 51 6659
73 96 9728
44 3 11713
12 99 1417
64 111 8163
81 11 8179
19 16 10383
108 95 8556
43 71 13616
45 32 13708
0 109 6734
70 2 10117
11 73 8095
41 119 3270
71 17 2610
104 23 9717
101 114 9360
114 22 6845
111 112 10500
101 76 5434
32 113 2208
26 57 8836
92 109 7731
64 79 162
54 2 8877
118 37 5390
117 52 4001
27 72 11471
80 55 10769
69 54 8289
19 109 596
7 85 4322
46 28 790
44 58 13
82 94 7129
7 64 10552
10 116 12023
62 6 1499
65 61 12010
28 37 776
75 15 8918
20 40 11396
50 88 5985
6 10 1486
104 66 11461
61 3 10414
117 62 13771
68 38 8388
18 86 9290
111 70 6156
66 23 745
30 17 11341
59 72 9672
109 27 751
12 42 8851
15 73 4000
51 22 9277
107 12 2914
45 63 9769
105 28 2
111 117 1719
98 101 3718
50 70 5278
40 75 6070
29 103 5733
4 83 8241
13 17 1278
4 79 7452
1 44 4817
3 38 5771
20 75 3825
37 79 9909
69 115 7279
116 61 13230
19 80 2302
71 8 13425
39 2 2231
99 30 6109
80 106 8016
85 60 9718
91 52 7873
113 91 11620
105 44 5429
41 39 276
22 17 6068
93 111 2110
70 4 1974
31 19 9410
42 63 1872
65 58 1201
41 70 1524
10 109 8224
6 39 13448
35 60 11010
17 91 574
69 46 5264
25 22 7212
51 20 5742
62 68 760
77 11 6455
108 32 7274
72 33 1392
84 97 3536
112 58 7046
37 9 9942
63 15 13123
105 16 12297
43 2 3827
29 71 9790
31 33 6923
7 99 2529
63 57 2533
72 117 8209
106 33 4237
42 10 2253
21 92 5736
11 53 2552
45 61 1852
7 26 8548
86 22 9965
99 16 1820
58 108 12086
49 23 5712
59 6 4553
0 64 8884
79 34 7363
61 17 5611
100 111 8997
12 0 11860
102 72 5459
85 112 4468
81 59 10560
118 53 1689
19 30 10874
74 28 6876
74 14 4213
56 117 8992
82 4 13743
32 2 4994
85 75 1328
111 40 179
5 77 13275
23 79 13494
69 16 13158
74 119 5495
77 42 5490
31 88 8837
75 21 264
106 82 4413
111 60 11035
2 40 13714
108 102 11466
4 48 5803
28 16 12464
75 3 8068
95 94 9731
41 42 13439
4 107 1346
66 78 1709
23 119 12024
89 84 2086
100 93 2343
113 41 8109
33 38 12590
109 118 6428
7 109 12682
87 69 2036
16 59 8813
95 14 8953
118 43 12380
90 104 1649
5 70 7843
34 96 11240
74 106 11019
48 115 6312
84 24 8694
72 85 481
59 101 13787
39 8 13150
20 80 8277
19 28 8285
101 103 14198
118 24 12807
43 92 12455
20 10 4502
80 103 3791
30 10 879
13 118 6805
18 28 4967
55 113 7675
37 11 11304
109 95 2786
51 72 10408
42 76 11467
65 67 12040
85 49 2282
90 78 2316
92 70 7640
117 112 4192
78 75 3888
71 89 6312
69 48 4394
54 89 9962
62 83 14120
96 116 11814
118 104 12790
80 43 13466
88 78 11773
110 43 491
107 58 5616
97 6 14162
39 116 8588
66 110 1989
69 32 11065
98 115 1787
35 67 2310
58 35 5386
7 106 117
51 112 14197
35 63 12194
38 106 9873
99 24 5368
45 3 11020
101 5 7472
16 86 2379
11 56 7484
12 98 1897
92 113 11352
87 109 2604
118 64 1697
25 61 8128
7 50 10006
105 118 1845
17 34 1869
83 79 10511
27 20 9848
108 25 6070
38 25 1397
110 35 1534
57 75 13427
116 37 7979
31 101 3612
96 88 13711
43 6 13293
13 37 6575
53 38 4224
7 3 9119
14 70 11068
73 60 3809
41 34 3964
12 76 12337
109 46 12725
30 87 14078
13 59 12478
62 76 7692
44 40 11842
64 23 7762
81 95 9574
13 60 12329
113 35 727
53 21 5150
108 3 8364
42 72 2418
70 17 8452
116 32 10489
112 98 484
67 68 7512
90 118 2010
2 17 2456
100 103 5121
64 95 14241
67 82 11117
25 13 7038
17 45 12208
85 54 11643
71 65 7401
19 91 1855
29 101 3112
98 57 7410
79 42 7290
12 89 5821
74 70 10924
58 14 2881
14 12 11010
18 77 8693
13 18 4697
17 21 5445
119 86 5815
85 62 10217
40 74 9925
50 41 795
101 30 12312
114 75 5384
26 91 13621
118 36 4601
26 3 757
26 71 1388
67 29 13162
6 77 13322
20 104 11200
36 93 2535
85 56 10988
111 6 6275
35 16 3373
37 22 10280
17 90 8794
77 81 7887
107 116 11518
67 60 6883
3 110 5727
92 64 6379
71 1 528
10 61 13408
82 42 953
116 13 5059
34 72 10294
94 24 11035
19 114 3708
45 49 620
72 56 760
74 78 8992
96 63 5817
13 54 8514
118 48 201
27 88 10949
49 68 4160
11 2 6499
92 56 8972
63 20 4674
72 115 2648
2 74 9185
97 61 6516
19 92 8949
6 70 2360
39 80 6876
109 70 9667
45 106 754
108 72 2543
51 32 135
65 53 13283
96 17 11775
10 62 7109
100 82 10355
93 68 12279
119 105 12733
10 22 4332
92 47 4808
32 107 6725
60 43 10615
88 29 7975
112 29 913
57 17 12155
1 15 4744
46 101 2077
76 61 1300
71 108 12877
38 16 8018
71 110 5566
39 78 809
64 65 7072
24 75 11344
66 108 13303
71 21 2546
44 82 13986
78 45 541
108 8 1646
60 62 2593
56 19 6904
34 43 1902
34 59 9658
108 9 897
55 0 913
117 68 8223
1 40 1061
109 35 590
15 37 4993
66 94 5560
107 94 2626
60 11 14142
117 91 12808
15 112 13928
86 62 12883
90 94 4004
49 100 11167
15 35 8302
77 10 5173
96 95 7411
93 83 11153
115 96 13208
64 1 10147
94 0 13334
21 36 11723
96 37 785
59 88 13398
44 37 11068
8 55 5841
94 103 3003
85 21 12160
24 73 11816
119 3 12299
60 102 5750
58 43 8546
23 77 4863
41 100 8854
55 68 2670
18 83 4405
54 51 10979
41 1 2909
78 48 14228
28 34 2704
43 64 9507
29 13 6613
40 81 4662
59 107 6
37 109 15
25 31 94
45 103 11429
96 79 12091
114 98 4998
42 3 9392
28 48 4100
104 35 6073
31 103 9582
75 76 9019
20 100 6521
51 21 13437
48 93 391
111 62 1214
39 12 1073
50 6 12932
102 37 3339
43 44 8116
12 70 8592
20 22 10643
20 1 13500
25 88 12487
60 106 2593
114 116 9614
76 56 6907
60 19 5171
14 13 7450
18 76 9686
4 104 1415
28 6 7307
11 47 14163
49 66 5949
43 89 10607
43 7 9249
62 92 1787
67 50 7509
46 34 737
84 95 7831
105 7 8512
118 23 13094
15 18 6053
37 31 5948
12 74 3148
6 54 6757
110 5 5191
71 50 11327
58 7 3973
59 100 1094
116 66 14044
110 7 911
3 24 8979
11 114 11640
39 88 9742
87 79 410
109 100 4659
4 85 10443
97 46 9258
67 88 12590
102 9 2607
34 118 5163
15 74 4879
64 89 12124
54 0 13609
3 43 6989
1 55 5295
21 1 9324
96 28 161
52 23 3921
33 58 3445
89 17 1270
96 90 3191
21 27 6243
28 55 11302
100 24 10753
94 108 13667
41 67 2675
43 100 7313
34 51 13124
21 64 3774
7 61 7506
7 87 12570
59 25 8186
105 64 5643
104 91 11507
109 25 11743
73 112 9704
119 55 1516
103 87 4627
116 14 3536
27 52 11782
22 16 12991
102 92 635
86 104 3347
61 69 76
18 114 12543
3 117 7985
80 22 13595
42 30 8836
73 23 1173
91 61 1501
51 75 13299
105 21 12666
104 38 8720
3 109 9032
46 65 6098
80 84 5059
96 111 1987
62 113 14085
40 29 11706
119 59 4040
0 50 2699
106 81 7009
53 71 3084
12 83 13439
114 61 1306
18 61 11694
46 21 6561
115 59 857
51 9 2771
90 76 1315
51 44 7220
95 51 12888
95 23 3169
93 86 11449
34 112 13206
60 93 697
104 3 4686
111 67 9712
19 104 4609
109 116 9657
105 89 602
104 87 9556
110 92 451
74 69 7574
31 111 12406
114 37 3617
118 103 13574
76 118 9146
10 34 10321
9 98 7949
114 59 10673
111 41 6509
70 115 342
68 90 13483
47 54 13974
14 56 3657
65 116 1504
115 109 8321
29 22 3067
29 7 8250
4 63 10808
6 73 2004
37 80 7609
105 34 3482
53 97 8705
33 70 11361
43 0 7276
22 64 2680
50 10 13950
16 37 2395
74 89 14120
45 98 10384
83 54 80
85 22 7551
78 69 7833
60 20 4517
42 21 9591
54 82 4744
26 86 4747
25 95 12742
47 37 4257
54 43 1885
78 70 3627
80 57 326
74 79 3399
72 40 10034
62 66 59
113 66 5352
57 81 9393
100 74 2989
38 41 3159
61 33 10971
66 119 3410
30 72 3117
100 102 1995
114 68 11470
64 74 8940
24 42 14178
39 17 3870
3 20 10999
64 101 6689
80 0 9507
6 112 5761
52 74 12659
34 119 5655
24 4 4532
69 73 6498
8 119 149
78 65 8910
105 109 8542
7 83 13493
117 32 10044
9 67 3002
42 87 6055
23 68 6334
117 89 1731
38 88 9292
47 23 5673
81 112 4859
31 55 11442
39 97 2008
34 52 13025
7 35 14213
107 75 3184
102 105 7857
91 41 12896
67 102 8508
77 71 1026
56 107 7300
117 10 8062
34 97 1374
62 98 1668
34 78 1856
30 5 5315
0 110 14092
19 95 13783
50 1 11692
39 76 11964
41 117 9487
96 109 3240
88 86 10585
74 96 459
6 51 11435
72 71 6627
119 6 5367
111 88 3337
32 64 3415
106 14 9554
4 8 8986
119 96 4893
13 27 11502
10 72 6680
41 96 1961
71 60 13916
102 55 4008
38 15 2005
12 9 8624
113 5 13970
28 5 4067
40 104 8189
75 46 1204
91 111 8825
101 11 5611
24 79 7375
57 36 12889
7 46 5554
51 41 4880
16 52 13502
21 23 12574
80 86 5094
107 47 13530
99 50 14033
42 31 7431
2 21 2655
116 105 7058
94 15 4739
105 76 7565
116 112 7594
97 7 5836
32 38 6429
64 39 4625
68 63 4370
109 24 12137
70 7 10613
97 36 7209
69 112 1346
60 36 9734
72 73 575
82 46 1959
58 80 9222
9 90 11022
68 75 74
94 61 9976
77 108 8449
88 101 4276
101 43 8814
94 9 724
57 10 3131
0 70 12457
113 82 11138
5 88 12396
57 113 11084
54 90 12536
45 39 72
84 62 7047
11 0 12533
55 14 10848
65 80 11310
90 34 10230
46 5 10514
31 76 10334
33 62 11554
52 0 2753
64 66 1107
86 38 13858
53 26 3538
12 85 7281
110 15 5060
8 114 14182
45 77 3936
61 73 2817
60 78 2316
60 0 5496
0 9 6629
36 61 4404
86 44 3926
48 68 11175
84 39 7098
55 95 4557
63 112 10178
78 101 4240
20 7 567
88 66 8165
75 27 10712
99 40 6807
99 55 9436
29 54 4294
75 4 14027
22 105 1728
79 8 3743
0 62 4787
112 115 13248
30 105 5433
110 111 12300
1 30 9019
107 52 315
91 46 8795
71 40 6924
94 17 650
19 100 9965
97 102 1333
45 5 921
79 33 4120
87 36 6711
86 58 4699
95 99 4106
70 8 10819
111 27 151
13 78 3730
21 108 9483
115 34 763
78 108 12824
35 91 3435
108 19 12541
69 12 3773
87 108 13889
35 9 7783
38 50 1474
50 76 12315
118 68 6008
59 96 845
76 45 6687
48 10 49
5 57 8637
53 36 12943
27 98 5355
14 18 11603
69 35 1370
33 51 6516
82 75 2892
74 59 4996
110 52 955
57 56 8259
14 53 13181
67 31 2160
51 48 13220
51 61 12214
110 32 8430
66 101 11631
14 82 7549
24 12 968
73 66 1902
81 70 3095
52 69 2141
12 16 13789
45 4 3362
1 65 5928
90 73 10351
25 26 2862
50 103 5266
100 117 2799
102 77 11419
96 19 14006
61 14 7427
32 25 10202
39 86 2294
101 92 7827
107 117 10086
4 18 10326
52 51 10695
80 47 12164
35 118 11331
32 60 4110
5 61 9850
83 45 1991
117 33 6061
67 57 2916
64 51 9683
39 37 2502
53 9 11222
8 25 6335
103 75 8100
1 19 8485
75 1 6395
116 21 6815
70 95 8880
79 84 10369
42 83 578
79 50 9049
38 1 7904
115 91 13070
0 96 2630
73 58 2293
5 73 3107
85 57 10674
119 92 14210
113 21 1362
100 107 4910
57 3 6893
71 58 11899
15 95 9339
2 27 10314
60 26 985
101 85 11615
107 1 1608
84 70 9952
42 14 4447
24 32 2259
55 66 8524
90 86 13049
15 44 8574
38 116 7447
88 56 7039
13 114 8293
60 33 72
64 62 11053
51 116 13616
11 3 6537
104 76 7842
63 58 13556
88 64 686
44 84 2688
49 79 14162
64 11 10239
87 90 600
47 1 9624
85 11 10361
95 7 11881
114 113 1088
40 31 9212
76 84 150
100 40 8408
100 48 13943
91 60 8052
80 85 2423
46 83 11346
75 81 9313
17 115 4097
51 70 8763
55 115 5497
57 71 5797
84 60 3603
1 51 10850
36 43 5151
12 77 7248
16 47 9478
0 30 275
64 56 13914
9 29 9439
9 99 8670
76 63 9629
96 55 9111
72 118 4699
119 16 3357
15 23 11377
45 14 12238
94 35 5115
56 74 3837
24 78 11267
29 113 10224
11 48 6742
73 1 5111
34 62 2472
107 11 8918
4 80 10530
5 50 10387
87 85 6683
38 98 10638
114 72 6038
41 18 4100
77 110 9614
18 20 11793
39 13 14192
33 29 149
84 8 4405
99 66 1610
7 107 3526
4 112 10831
34 76 4989
46 49 5588
20 102 6507
44 32 9645
8 60 822
63 64 9341
11 116 713
55 22 3215
58 76 10677
68 37 4852
99 96 9717
63 10 6759
13 81 6795
91 85 12900
39 66 6174
27 108 5056
87 107 9830
101 50 9335
10 60 14154
69 50 12036
66 8 1377
15 66 14160
14 80 1704
103 18 13100
103 93 13007
79 68 7783
13 99 9297
29 72 6939
118 89 1953
84 113 10798
112 33 13742
5 68 10919
4 91 8130
86 101 2325
24 69 10012
3 114 100
97 21 6139
3 118 5325
48 17 3105
67 11 7626
29 118 11055
83 6 13020
82 102 7761
2 20 6178
13 15 2868
27 64 12081
57 13 12807
98 39 8313
55 45 9815
60 87 6112
55 34 7896
95 29 13917
56 86 14161
99 8 5167
41 37 3976
92 79 524
37 17 4286
95 40 10020
84 5 1819
28 31 3135
40 7 7196
58 29 11090
43 77 8386
8 57 3587
78 107 9374
96 65 5915
55 61 13471
65 117 5100
68 77 13873
16 94 10138
80 54 11902
93 94 4021
71 6 2043
65 21 4381
22 74 12352
116 100 14223
47 20 692
80 33 6714
6 42 12931
108 92 6938
115 76 5759
83 31 9517
1 111 11768
116 76 119
22 50 13193
119 84 9785
48 52 1846
92 115 10102
77 40 11660
103 119 106
54 53 11740
2 23 5375
80 31 2828
77 61 6090
30 108 12283
77 13 6677
27 94 5837
116 67 6235
96 23 8299
6 117 71
49 97 1001
10 74 814
117 84 11114
39 56 2189
39 70 7577
119 111 10846
0 104 6771
80 12 9977
80 91 3221
63 52 9506
77 49 8534
54 113 2781
54 107 8039
80 29 9492
6 20 8475
22 65 2796
101 115 4663
107 5 12757
99 36 6004
24 112 9520
28 88 6095
94 19 6312
119 108 4141
36 58 11506
76 17 6320
30 13 1686
46 72 12049
69 14 5011
102 30 436
104 72 4329
111 10 9280
93 53 8105
18 62 3123
68 1 4156
44 48 12664
74 6 4558
102 69 8313
106 3 10847
23 61 1575
2 86 1239
84 108 5115
90 23 7356
46 15 1110
43 50 7886
28 61 3597
31 75 7130
71 83 14023
117 43 10854
89 50 44
47 118 8350
22 111 1579
20 58 13479
64 99 6701
51 45 4524
0 44 12146
115 99 2682
69 4 3740
19 93 1021
77 118 7242
58 59 3330
96 80 12252
0 114 10030
96 70 2666
9 79 5131
26 36 10500
111 68 2116
91 54 7660
2 30 12232
10 73 3149
16 108 5912
18 112 11085
91 70 9685
101 7 2409
97 80 5807
26 29 13087
98 41 780
96 81 10195
106 16 1961
93 54 10005
103 105 9680
115 111 5568
95 112 62
62 17 162
51 15 8983
77 55 9678
6 81 2735
108 4 8692
26 22 341
32 46 5644
36 85 9039
31 11 2633
113 37 14196
53 95 11583
64 114 13654
118 56 3529
105 52 12498
49 13 13260
57 108 11770
117 18 432
78 12 13523
94 43 7903
95 46 2215
43 8 2004
116 57 7357
61 31 3602
35 21 7413
85 16 6307
3 51 2982
89 9 296
83 13 7366
21 4 2412
18 71 4663
68 8 8454
10 1 5182
42 89 11754
29 102 11045
31 118 2731
32 52 5333
15 45 6103
61 108 3593
25 48 9553
19 47 4517
77 79 4019
58 23 7376
25 86 10848
0 115 2334
47 76 307
90 65 12768
96 110 13021
13 0 14129
86 108 1542
81 42 1730
114 2 9878
98 51 11483
36 35 5925
32 119 1272
33 41 8695
8 40 12932
104 60 4770
99 34 5802
97 23 7295
12 71 5790
26 24 4054
61 93 9275
17 80 7359
99 53 12821
48 82 4160
84 10 6266
77 59 8235
48 38 14193
106 4 13806
93 96 3993
16 92 9706
81 111 7942
56 45 3266
70 10 3751
4 44 722
76 24 5409
112 23 9857
103 84 12846
7 91 12474
9 68 5652
7 15 6536
14 94 8027
76 70 4947
11 92 506
50 9 3479
88 16 3482
55 92 2390
43 39 151
115 50 6300
84 105 1662
14 118 11175
5 10 662
42 56 10817
97 37 1282
92 13 13356
90 6 12336
79 58 2109
1 61 4030
114 102 10898
81 92 5119
53 101 8087
112 62 10316
52 43 1308
106 76 1208
56 26 14228
84 74 8564
58 10 6746
71 114 9220
53 79 8494
34 27 6423
113 20 7706
8 31 8006
26 55 9869
89 1 8629
3 5 1292
55 48 3055
3 99 7959
17 44 11441
35 105 3186
64 15 3042
53 49 3479
113 70 13236
2 91 8560
38 43 11208
100 71 7639
38 65 2870
91 86 5595
96 72 7654
2 3 1665
31 97 9628
117 5 1954
26 100 13129
86 103 1478
41 26 1991
23 89 11331
102 13 7879
17 105 7640
37 77 10594
81 94 1708
71 2 7160
83 59 7427
83 108 10906
43 109 11248
88 44 11824
102 87 5242
40 92 9763
71 80 2632
18 6 4871
11 82 10231
115 119 6426
48 31 11482
5 31 1864
0 108 4716
50 44 11408
86 35 11925
41 30 7274
75 44 12477
81 51 8379
61 68 6734
117 37 11419
54 114 13347
77 84 3118
100 46 10799
1 72 1347
87 65 13929
12 23 1709
4 100 7035
34 84 10751
52 4 7317
9 109 8624
73 16 6585
83 103 8981
59 87 4279
41 5 9463
115 16 6795
31 104 6259
4 103 2011
14 47 3458
59 28 6418
2 51 12807
17 103 788
11 97 2684
91 14 13257
31 71 474
115 107 743
117 14 3424
19 11 4861
30 47 3274
17 33 10729
56 0 8839
17 56 11215
91 109 13388
67 16 9690
106 42 12878
67 89 3837
63 23 4840
83 105 2625
21 74 11020
19 49 2474
24 97 12015
48 35 6492
98 113 6925
66 86 2983
37 73 10241
26 15 7785
40 106 12399
11 32 2616
30 80 5694
17 116 2234
106 71 4509
1 87 4607
93 17 7156
32 91 8887
36 84 4125
23 17 1868
39 40 9377
99 82 10947
68 76 2698
32 16 6368
17 69 12074
71 118 9844
58 3 10165
20 11 14100
60 100 5774
31 96 2906
48 104 1365
108 33 8034
101 51 13834
105 33 5965
50 47 4618
111 89 356
59 14 8456
21 0 3448
98 86 13082
64 18 2602
66 65 3396
67 38 3830
115 97 8820
10 24 4442
33 97 10513
104 22 9873
21 95 12284
107 89 6297
6 107 2584
86 75 12378
55 114 5321
87 49 1993
41 12 6526
98 68 5613
64 100 10941
76 27 12061
97 113 1766
6 79 22
84 112 4776
64 70 9989
22 61 13876
42 17 12473
10 51 7775
93 5 735
112 61 13782
110 93 10708
33 76 1478
37 95 1435
0 68 7094
39 90 11250
46 0 414
76 16 2568
40 62 3679
69 1 7166
80 63 868
106 15 8361
61 63 6102
3 112 765
45 12 6340
93 58 384
75 106 10883
116 0 909
59 62 8352
92 54 519
16 66 8612
9 31 523
22 100 8722
108 114 851
9 17 9036
35 88 8586
79 12 9364
90 3 13183
94 18 2673
13 88 6983
96 69 2498
76 82 10096
35 82 3211
117 45 4574
86 83 218
114 107 6025
83 119 117
34 103 9207
15 87 11057
97 112 3018
32 102 11699
4 31 4136
54 112 439
86 17 19
22 57 9584
7 96 7359
90 95 13868
60 115 6731
84 30 8846
44 13 9870
51 16 7808
48 39 14202
12 15 10955
11 119 1313
77 17 7357
12 67 968
38 79 11786
37 94 5937
81 46 6832
17 6 8372
1 67 598
28 42 3530
50 93 5884
54 56 13973
87 20 6939
33 32 9879
29 57 1930
45 43 3242
79 13 10602
11 94 3996
45 47 4129
53 50 1734
69 40 901
62 118 11199
91 119 13576
95 87 4872
114 23 8934
90 81 1112
104 44 2017
76 40 5344
2 100 2676
76 98 1636
25 60 5182
66 97 10714
86 45 12943
35 95 13094
12 113 10237
119 62 334
117 53 8988
30 49 772
76 119 9806
28 23 7679
72 31 7383
99 31 2141
82 3 5666
115 75 11792
116 25 13213
22 81 6962
108 54 4726
60 103 13050
18 100 8657
67 98 2872
47 61 5489
70 90 1814
57 78 2128
45 53 6454
35 98 3273
41 105 3073
16 55 13804
44 28 608
37 63 12488
95 66 3742
78 53 6432
99 10 9904
42 53 2862
76 9 9260
62 95 5809
106 31 13943
30 12 7552
52 111 3647
49 10 10984
86 29 4155
25 29 9797
23 108 4456
8 7 6107
82 88 7214
5 60 14014
30 66 454
78 5 8009
65 43 11519
92 14 652
74 95 3449
91 95 9096
5 32 8611
111 49 14015
26 115 5680
67 52 10125
18 79 1179
41 86 4331
12 7 10779
78 31 4420
90 84 12647
15 76 4799
87 12 3473
90 116 1698
99 83 9523
3 33 3388
101 42 11174
81 69 13380
45 65 12038
14 30 5867
117 55 9565
115 117 5875
57 49 4409
56 9 3201
1 29 13145
100 63 13115
65 55 8226
23 55 1276
76 91 12254
72 111 7988
72 2 7212
60 90 6144
51 82 11796
71 97 2834
58 85 5487
105 32 5810
17 35 5626
