50
301
28 33 622
33 11 719
28 23 852
33 46 585
23 37 1306
40 23 922
35 28 91
46 38 1779
28 45 580
17 35 147
11 8 234
35 29 1738
33 2 984
41 28 1370
30 17 153
46 44 49
35 12 39
34 17 163
16 23 875
6 2 758
47 45 1932
7 35 1662
0 30 2421
42 38 1116
5 38 703
38 10 1626
0 9 855
13 23 2214
49 7 816
15 38 477
25 30 263
19 47 1581
20 37 1224
1 49 1798
27 7 1184
48 44 1727
11 3 1451
42 32 890
12 4 1181
10 39 2376
21 40 72
14 35 1631
41 31 539
22 12 1556
49 26 1985
18 40 1344
0 36 1417
24 28 1556
18 43 1148
3 0 1661
42 35 1759
46 26 1220
41 25 877
3 32 1956
6 13 898
5 0 1343
7 8 366
4 30 2018
35 13 461
46 9 1370
22 47 589
44 40 42
46 27 1492
30 13 596
3 16 2287
21 36 598
11 46 263
25 1 34
2 26 893
6 27 1573
30 45 1790
13 44 707
35 3 1495
35 9 2179
28 7 1361
5 31 2216
8 25 2229
33 34 115
23 14 2415
28 44 2269
39 2 2046
46 43 633
24 30 1175
25 10 237
14 45 2225
41 22 726
35 32 739
25 9 1612
1 9 1458
27 26 1379
44 49 1671
13 15 357
29 37 233
21 38 1341
22 30 2099
34 31 1601
13 43 2218
27 14 2292
10 14 2014
42 1 848
11 20 1395
14 16 1702
34 5 1195
24 16 664
20 23 230
11 27 2222
47 12 1122
18 33 543
17 47 404
16 47 654
36 13 558
33 48 255
1 30 1325
44 15 1308
49 37 55
7 48 981
12 17 140
32 21 216
39 17 496
0 32 117
37 44 12
11 5 1684
27 15 2431
15 0 1009
46 5 266
24 38 532
30 11 341
0 28 521
48 9 680
4 15 1949
34 9 435
30 5 1754
28 38 270
33 5 529
11 44 2301
26 45 1844
24 43 495
38 13 244
1 16 1132
9 27 535
27 40 737
9 10 2152
15 33 1178
18 32 191
23 21 2403
16 27 2308
15 37 230
36 29 1495
37 21 1447
34 42 2136
12 48 1654
4 18 745
42 0 534
32 8 844
14 25 2441
24 37 2450
29 7 689
32 37 279
32 31 1465
17 33 1827
18 8 658
14 37 2330
49 36 1171
9 38 227
19 35 615
36 6 2427
28 49 1090
28 6 1871
16 2 1682
15 41 211
31 20 1381
43 35 974
21 19 1914
29 45 2169
15 30 418
35 25 327
39 42 904
37 28 222
28 17 2091
45 39 2106
28 30 2062
43 21 984
1 13 550
37 40 301
40 9 2112
10 22 628
13 46 412
28 43 1789
19 42 626
11 42 1808
38 12 2232
9 49 494
37 11 919
13 41 1617
28 13 726
2 35 2368
1 35 1143
31 40 1036
20 43 589
42 21 89
33 39 2416
25 3 737
10 24 2102
33 26 1319
35 49 1341
26 3 2088
2 5 407
41 18 1408
44 16 904
12 44 1587
14 22 1347
23 3 36
18 31 1440
1 36 831
15 26 786
48 23 1298
46 34 2138
34 4 1806
24 33 2365
8 2 41
24 36 613
15 45 1603
27 33 10
4 8 322
11 28 1455
23 43 729
44 9 2253
27 35 1892
6 30 2207
1 48 292
8 29 1974
11 35 2016
19 14 552
28 20 1056
43 45 965
14 28 1197
16 33 1297
47 46 1862
27 49 200
30 26 2241
36 31 2040
38 36 558
1 5 1051
35 37 269
10 11 2206
38 34 984
0 33 1700
17 14 171
25 19 2323
46 10 501
43 26 2335
38 32 2368
18 42 323
26 37 1974
41 7 2115
16 49 349
17 29 803
42 13 1854
42 25 731
45 32 341
14 41 206
12 9 1345
13 34 1324
5 49 1831
24 21 676
2 10 2354
35 18 1633
48 46 315
4 13 925
19 34 1614
18 44 1800
38 30 960
16 7 1605
28 40 508
0 39 929
24 42 2029
5 22 1879
13 12 2161
7 1 483
27 28 1388
17 49 1338
26 9 81
21 3 1632
42 47 2092
19 43 199
0 34 764
44 42 2188
9 4 2379
20 33 930
28 34 1511
3 48 915
17 18 620
29 20 2222
20 16 2245
31 45 1621
43 17 156
24 25 2353
41 20 1239
34 15 2232
5 42 753
33 31 2031
