120
4577
0 95 3428
0 45 11886
0 59 3950
54 95 5731
79 59 7977
95 71 9771
32 71 1099
71 109 1705
116 0 13579
39 109 7530
59 29 13681
0 42 12268
0 112 11500
60 39 9965
78 95 7215
23 78 1306
45 81 1961
60 30 13064
116 36 13082
108 54 4288
32 119 8589
116 4 3761
81 40 8091
59 80 8445
101 23 11105
48 79 7117
113 60 7119
118 116 384
73 118 10652
58 40 3161
118 66 1658
2 39 9368
116 57 13394
79 17 11532
79 13 2633
45 24 7018
81 5 10591
90 80 130
78 76 7725
10 4 3529
93 54 7047
21 5 4730
59 35 10117
18 93 630
70 73 2376
18 44 3507
114 17 12924
16 66 5201
39 83 2922
5 1 3535
40 53 410
90 111 1346
81 87 8693
101 9 10718
13 28 6191
10 75 9823
12 80 2002
73 85 3890
104 66 6168
112 102 10382
17 67 9810
24 43 1989
62 54 11392
76 19 5686
1 31 5116
100 85 3681
81 72 11682
99 12 13641
110 28 7220
23 56 10534
3 18 4135
49 112 8831
5 107 13960
6 5 4632
68 18 5448
89 57 8210
82 13 2789
57 51 350
17 7 192
26 102 8692
37 10 12726
86 30 5168
65 104 680
58 47 2073
93 105 718
22 48 10425
15 89 6970
55 108 888
36 91 5434
33 45 1970
115 107 1035
104 11 11518
108 92 12711
8 21 3035
60 97 9351
8 69 8175
10 41 6593
106 60 10652
106 25 3372
63 101 2048
2 77 11488
64 78 779
87 74 12593
116 38 14166
117 59 3008
115 88 11267
20 68 10985
115 103 2464
67 52 12778
84 83 5211
11 98 8770
94 100 12137
73 61 2433
68 50 13401
89 14 9812
45 34 5541
27 47 3723
46 91 2815
96 48 10789
55 103 8163
58 110 10897
56 109 5736
95 72 7445
13 15 7733
86 2 911
47 100 415
19 18 10024
108 49 7284
45 42 12536
71 107 6066
112 99 3544
1 2 13847
119 113 259
102 99 2807
20 56 4282
74 15 5908
4 96 12302
50 20 10157
87 30 2799
55 22 6083
52 73 1692
106 77 10624
106 39 13948
18 47 8356
61 69 2936
5 92 3750
87 118 10738
27 38 8005
7 52 11246
103 67 3880
93 52 4050
14 87 5089
32 66 4769
37 2 10687
44 29 4869
80 74 517
85 57 4384
95 69 121
61 8 10109
11 38 9558
106 34 8917
42 41 12341
54 84 10164
3 95 9131
22 47 9441
92 114 9269
50 43 9546
117 57 4036
72 90 7313
71 110 2977
88 64 13871
54 52 7257
52 70 11595
98 46 4096
21 70 10904
114 77 6556
47 110 9467
113 90 12767
25 4 11007
115 38 1655
69 1 4902
50 64 10859
16 63 6288
48 90 8423
82 102 5874
117 66 14135
11 7 12735
91 72 4560
50 82 10498
115 61 11177
99 10 426
20 107 7901
79 55 13551
17 56 8360
114 83 6297
9 89 10994
76 46 3823
36 94 6237
48 88 1775
44 24 2640
119 3 13468
59 76 8974
0 16 3061
33 28 4155
108 109 5288
75 41 11925
88 61 224
113 102 1369
76 102 8682
59 2 168
50 89 2923
87 58 13374
92 73 13614
49 5 11413
111 76 5618
100 2 12325
81 21 10192
30 34 11216
92 23 4721
29 118 5363
31 0 10784
87 12 10207
32 14 2751
1 94 10385
91 56 3311
50 105 13143
52 94 2393
96 72 2873
34 43 2863
47 16 11675
35 96 6388
9 10 9527
51 109 12867
13 41 5998
78 67 13447
74 75 8917
42 21 5705
69 85 906
29 73 9344
44 41 10482
36 97 8260
63 32 10115
103 75 5413
56 19 6533
119 54 9
36 22 8009
88 16 8184
47 82 4119
11 116 12093
117 39 8737
44 6 11462
62 45 12279
107 114 8172
3 76 165
92 86 12642
64 69 10436
34 11 4092
52 6 6317
41 4 6392
48 34 630
77 45 3952
108 116 9474
5 105 10780
1 59 2006
82 25 9958
7 49 4265
43 36 10785
47 21 5849
57 3 11478
112 53 655
97 113 3349
4 52 10757
22 46 8521
46 20 5148
98 55 4115
71 103 1821
22 64 6593
11 51 2742
43 27 2776
69 38 7389
5 57 8411
96 16 11892
38 97 4626
102 53 13758
101 46 5677
103 6 11092
40 117 4398
47 111 8692
7 95 11595
72 23 2948
84 1 12074
72 92 1117
53 46 1477
75 24 2252
2 17 10416
12 43 13261
79 107 11658
4 108 5153
95 39 7417
6 94 14032
114 108 10499
11 6 2865
95 83 4245
10 43 4197
80 23 12434
46 7 232
38 52 5070
87 79 189
16 34 5305
5 58 5717
23 117 2081
102 62 11995
4 105 6724
68 14 5307
76 119 8618
51 53 3331
114 39 7224
78 15 467
65 42 12310
75 82 13698
107 63 1610
58 114 11163
89 30 6959
114 12 1758
15 52 3595
34 80 2002
11 115 12547
111 2 13853
96 38 4442
98 57 11005
73 104 3299
100 109 7113
11 33 7628
20 101 12900
57 13 13097
107 57 9549
52 26 1267
8 9 11641
23 112 454
83 55 11990
73 44 11553
88 29 8592
82 8 215
91 63 12340
25 83 4551
18 35 8460
21 11 11273
42 40 6440
83 80 1815
117 5 3498
48 100 12298
4 62 6836
105 63 6651
116 54 8800
110 3 11179
114 52 10350
69 37 12477
47 49 7784
10 39 1869
111 116 13907
21 112 1253
43 79 10906
47 48 8188
64 113 2567
45 112 12192
12 57 1005
17 83 3943
47 103 4837
3 98 2192
98 76 4690
98 36 11109
4 77 223
49 86 474
52 86 10093
67 114 8290
47 112 8765
56 25 3870
63 85 4066
38 32 1746
109 74 8713
41 55 3611
115 58 5582
109 77 3209
21 44 9812
26 77 2397
26 47 12249
25 70 5690
45 119 5611
15 19 5710
107 88 8493
66 1 5380
72 45 954
93 23 1382
14 45 9506
6 50 11110
23 116 10786
116 79 11476
11 83 9498
109 32 8383
29 22 223
85 104 10561
6 63 11268
51 100 3600
69 65 4510
18 77 8309
31 114 6208
34 100 10732
51 66 7268
80 85 14212
54 18 1129
29 48 9690
52 89 13866
118 53 6037
119 68 988
96 57 1560
106 107 13565
48 87 12671
29 43 5495
41 12 12788
80 71 8667
104 54 943
109 33 7185
23 84 2555
9 66 10966
1 39 7068
60 96 7657
54 87 5011
13 108 6818
102 37 658
39 107 2142
8 103 589
72 26 880
13 42 7782
95 114 6879
3 116 4313
95 19 6648
48 110 12809
82 87 2711
45 22 5612
40 55 10809
62 41 335
31 98 1456
10 61 12162
6 22 6156
99 57 6643
67 47 5099
98 97 3434
17 11 13043
97 92 5849
77 96 2762
63 43 4491
82 59 3185
11 114 11298
21 113 9015
17 14 1282
41 115 196
95 6 10522
110 64 3747
93 88 3461
35 107 6858
28 59 6161
49 117 1896
97 114 2378
116 82 5440
65 45 10261
72 10 9359
30 106 5026
7 53 4185
54 31 6045
79 110 164
66 8 9479
23 26 10766
102 83 11206
48 93 14124
98 117 13103
0 78 12564
87 33 9493
51 28 4116
118 1 4569
36 1 10239
46 12 2654
9 75 5761
31 79 6813
45 56 12355
13 74 11907
52 16 6977
21 79 1958
14 109 605
6 17 11699
91 50 6462
86 99 2003
92 115 5621
54 114 13716
107 77 7758
45 97 12334
84 103 10090
60 48 231
87 68 6451
73 41 1442
41 18 5158
75 20 6707
83 3 10432
54 85 7177
59 5 1236
73 22 10475
20 115 6196
16 43 8989
5 0 6001
119 115 6948
34 65 11259
57 47 11206
73 69 1495
52 107 13177
40 71 1391
78 90 528
51 38 13062
85 64 5761
98 42 3328
85 67 5725
118 109 11136
102 43 4932
36 10 10489
60 7 2665
77 62 7309
14 57 10678
95 58 13278
104 16 11176
73 57 4757
11 112 2346
1 3 12266
55 24 12851
106 92 9886
3 90 4858
22 21 13288
71 21 9888
61 109 5426
5 98 9329
40 113 3309
52 59 4651
57 68 5258
39 11 8057
34 114 9824
1 68 158
96 55 11468
80 100 13258
54 48 5772
34 27 11352
3 112 10605
108 51 7810
57 69 1336
90 31 4793
5 35 1090
12 108 12159
74 8 12903
118 64 6307
33 111 839
78 110 6954
78 46 7889
41 45 3582
11 89 1130
112 83 2502
7 113 3620
27 107 6129
1 113 12336
110 105 12831
62 14 6314
70 29 8082
65 44 3655
35 63 11322
55 92 11874
107 99 4564
1 115 972
81 52 842
10 60 5192
105 48 12672
45 1 6142
0 99 8570
17 106 12962
96 62 3309
92 39 3416
15 72 1971
95 101 8926
18 85 7753
67 93 9754
90 83 4016
102 42 4750
89 104 3580
95 50 4540
44 39 882
100 53 3271
51 69 6384
59 49 12603
48 66 6101
33 21 12304
31 105 4028
40 8 3769
23 13 14173
76 61 1121
67 13 2333
5 26 1673
81 79 4405
112 100 8619
47 79 11572
26 54 12531
7 106 8832
71 44 14011
61 17 68
21 73 11744
19 73 12933
2 81 4470
37 106 9886
28 80 12805
61 67 6664
109 80 8765
77 61 8635
28 108 3062
85 71 9997
20 109 9120
106 94 9732
86 79 1575
85 112 6111
5 42 4906
37 31 14253
70 88 136
39 87 12284
79 27 2387
24 18 9115
52 17 8521
102 48 7947
85 118 7158
107 19 2907
11 84 8942
50 106 9773
74 105 13455
25 47 447
117 68 10881
40 77 4104
114 30 4873
20 117 8284
91 17 13989
17 73 4490
110 16 4865
113 15 10524
71 78 8929
38 37 7754
57 91 7152
18 92 11387
44 45 11856
35 45 5149
63 23 8861
40 54 14169
103 51 8344
53 65 10442
24 101 11546
38 117 8263
101 14 10191
102 61 6448
115 34 7938
25 90 11031
83 51 1976
67 23 1578
99 109 1522
43 82 1791
21 74 12039
112 19 9077
119 23 3084
37 72 7189
37 50 9074
28 71 1912
23 82 12609
19 2 6290
111 54 10790
51 14 2417
103 74 752
66 71 12060
4 24 13777
35 24 10445
45 113 6504
53 54 13144
41 30 6392
54 59 13807
97 110 771
0 38 1721
55 31 5000
113 81 4122
112 42 9432
50 77 5938
72 78 11831
34 89 14034
61 79 6535
109 106 9087
107 81 12476
108 43 4581
56 18 4562
77 54 4897
27 11 7622
40 75 3907
38 73 9643
70 74 7975
77 116 9331
16 72 9436
39 32 7875
57 95 2887
56 67 6374
118 6 8564
118 92 12914
62 104 8431
76 22 7617
115 10 10529
31 92 6467
100 50 9401
23 2 7174
16 3 8130
14 36 14058
21 26 12299
47 30 14160
47 78 12846
73 33 11657
15 25 4281
43 89 13249
18 91 12062
89 107 11412
50 8 12492
85 89 9726
52 85 2155
117 47 8958
53 89 8290
80 60 1511
53 43 3128
64 82 10098
66 111 8058
3 117 6502
21 62 12991
105 20 14115
0 33 2966
1 92 6840
83 31 5724
74 83 11598
88 22 1058
99 54 1432
101 107 1654
88 23 301
63 0 3220
70 43 2641
14 103 4712
107 111 8377
79 75 4981
31 75 6471
67 111 463
104 10 7842
72 31 854
24 80 5403
97 23 3902
37 39 12746
89 90 10722
73 77 8369
92 51 6843
9 13 582
12 34 4906
109 66 9196
22 119 6434
25 38 8763
22 71 374
112 2 13829
34 20 1337
27 55 8848
64 54 1032
105 99 13654
87 36 721
62 9 5425
104 39 9922
20 38 5986
49 98 2132
82 7 8565
90 40 2971
33 8 12380
103 117 10522
18 65 13301
19 33 8648
55 43 10305
93 79 8643
40 93 260
106 52 13161
39 28 8622
24 31 3536
61 63 415
103 107 4166
79 44 3063
37 45 11482
72 67 5364
84 7 6594
89 109 2495
105 25 4465
37 118 7891
57 2 9228
37 89 13204
3 75 9978
16 83 8676
118 24 7103
6 99 10748
98 94 7621
77 57 14179
22 87 8726
52 92 5760
30 35 12083
37 56 7408
59 43 323
17 41 4532
26 87 2823
42 103 9589
46 50 8456
82 20 10028
110 112 1343
79 22 12345
90 37 14188
64 57 6976
7 47 10579
31 17 1594
68 37 8948
84 111 3740
24 81 12427
57 79 5964
63 13 2366
34 22 8869
100 75 10734
103 86 2316
85 44 6174
77 38 3521
104 59 2893
48 81 11452
98 84 1742
106 104 11277
90 74 8049
86 101 8640
72 42 1963
68 6 9571
49 37 6269
67 94 7144
72 115 10922
95 33 1321
6 30 8660
36 108 3247
36 79 5490
46 31 8628
109 52 98
118 56 11948
114 61 13618
63 99 7827
67 75 2771
1 9 6903
27 3 11486
48 3 8998
107 117 7460
114 87 4719
18 11 1748
72 107 859
111 119 2745
35 26 9005
85 83 13803
81 0 7908
80 76 9443
10 86 11527
54 12 10762
81 36 154
70 118 2406
0 29 12290
15 53 4846
9 81 4211
103 9 11908
48 98 13878
33 79 10305
77 68 10591
66 77 2558
87 65 12031
98 88 11143
14 93 6879
106 90 7092
97 94 3487
110 87 13633
41 57 11240
100 89 7357
116 12 12102
4 43 1547
30 88 2868
11 88 13563
30 62 12699
3 9 5578
89 35 3962
13 12 11973
51 50 394
59 57 1330
95 108 4757
101 41 3793
29 61 5489
68 30 6071
119 33 3802
50 74 6263
82 72 6177
2 53 1918
83 87 12914
72 79 10546
39 23 4178
6 39 7097
26 56 12816
24 17 2669
73 1 10354
15 79 11300
106 44 12525
3 106 7175
12 77 7542
117 89 13582
60 36 5391
96 26 13850
16 59 1192
3 43 10986
19 71 5574
33 85 35
100 95 8390
97 78 9213
93 39 9331
69 63 9474
55 116 9486
89 105 3731
20 60 11087
16 49 9666
78 107 7576
97 109 6122
38 106 7404
83 118 5039
75 91 11453
80 79 10666
0 48 6509
87 19 12975
25 10 10003
68 97 2152
92 82 12296
105 39 2608
89 94 237
28 49 3354
82 66 8313
111 99 7223
99 9 10274
2 65 2458
29 110 1087
103 3 7595
74 54 13763
16 8 6055
36 49 2976
100 97 10195
115 102 7048
7 109 8531
84 99 11775
99 114 8443
44 56 2928
17 96 1191
63 46 14223
67 86 12355
25 81 5485
35 116 13776
60 119 10792
65 113 2316
42 108 7958
33 84 12824
64 45 6504
116 106 12612
62 44 1641
64 73 8749
34 46 13250
77 41 6400
68 63 4583
79 68 12153
26 14 12403
50 0 665
90 58 14276
86 73 7513
50 5 12556
42 69 1283
32 113 3898
10 105 7405
111 3 1238
7 5 6494
37 52 13998
112 48 7858
59 78 4235
16 119 12851
106 19 12948
102 66 6678
89 115 3431
75 68 5043
100 68 2166
100 115 2669
29 18 12052
11 86 3658
25 57 5718
90 68 13154
112 25 481
35 48 7155
54 29 11076
35 0 10602
3 14 13151
105 69 4450
35 101 4611
41 20 6169
73 50 8734
62 37 13350
18 102 13577
84 60 1589
27 23 4940
23 44 6254
69 44 13376
1 17 13794
33 16 14164
3 118 1181
83 2 4992
74 94 4656
79 84 11439
84 86 8748
73 5 9698
105 11 11332
7 26 4205
14 104 11933
7 69 2464
45 79 5548
33 98 1926
23 94 7078
8 62 11176
55 33 3185
41 74 7345
110 40 10036
87 53 7010
114 103 8746
19 1 6707
80 3 2663
54 61 193
94 44 2193
86 44 13471
106 114 7302
49 21 14042
21 54 4774
19 3 9275
52 116 7461
74 112 4685
25 53 7777
111 61 13636
27 62 12632
36 88 10545
72 73 13160
9 36 6579
101 6 8955
90 10 8333
78 21 13159
25 34 1543
104 115 8298
102 118 10468
101 79 14078
84 95 13255
95 85 3268
28 77 3502
89 44 5389
28 83 6245
62 32 2560
62 19 2083
12 49 1342
36 83 2366
107 118 9131
64 80 13254
101 89 7497
72 29 2013
39 69 14001
119 81 13541
87 8 11944
115 44 11221
73 76 2892
32 82 952
50 94 13068
39 41 1425
42 22 2400
9 33 13840
102 19 3272
58 50 5426
47 61 8330
109 59 7988
76 97 3817
94 58 13642
16 25 6027
75 46 4600
76 116 11585
17 57 12964
76 43 7000
104 13 7365
118 28 3697
47 44 4501
58 60 1805
56 86 12873
1 95 1620
36 100 10868
116 37 10084
1 37 12183
85 115 7759
73 107 9653
88 113 3045
44 82 5304
86 77 1596
42 3 5643
21 107 7679
66 67 1827
15 102 5901
90 57 12055
66 76 7448
99 64 13534
13 114 1485
82 63 13176
91 52 4732
96 58 5206
11 20 5466
16 42 11416
3 54 8949
49 75 12842
81 68 12881
94 99 12539
17 118 7260
0 68 13459
19 53 3855
107 75 3145
56 84 782
62 103 6047
45 26 13075
79 99 5421
85 47 1688
99 115 12090
83 82 9635
58 100 10393
55 30 10497
17 10 12362
119 116 14237
16 53 2964
50 35 5562
75 85 4322
42 89 3605
34 37 7329
45 67 5489
16 78 532
19 5 5579
35 12 10391
102 10 10265
80 31 8721
32 79 3372
19 92 5816
68 116 6987
24 79 1549
107 1 13409
98 34 332
84 68 2991
116 78 12388
15 17 12814
103 24 751
11 87 14174
32 46 7877
39 40 3254
87 42 11891
35 78 13270
102 27 5111
49 78 3387
28 21 12011
117 56 11841
43 62 11322
35 81 1371
37 79 14208
105 40 1040
13 40 8406
66 44 3072
96 59 990
61 65 3432
113 29 5978
67 28 1685
14 82 6342
110 73 11039
67 36 1882
84 115 6185
35 86 6704
99 104 5719
8 5 8748
74 99 4796
58 107 14027
56 50 11403
112 92 2028
107 38 2889
59 103 5005
70 63 2515
42 63 12936
103 13 9228
24 70 13940
32 23 794
14 54 7541
77 111 4547
18 66 10677
1 100 12080
99 49 12851
96 46 3276
107 97 384
34 59 9176
119 66 6815
104 8 9116
63 7 12179
103 33 5821
61 32 12605
26 108 3647
7 85 10266
119 72 12398
111 57 13715
112 24 4699
17 18 14147
75 26 13276
5 111 853
9 110 11946
67 30 10587
97 82 7787
52 25 13730
6 96 4359
3 30 14230
77 42 8039
45 2 6943
2 90 8146
85 116 3243
34 73 221
61 34 2650
111 15 8682
76 71 4799
69 19 1295
53 97 1835
101 62 13832
12 65 7052
104 108 11801
30 78 1848
102 78 804
29 39 14107
84 104 9330
20 93 9203
109 5 14117
111 101 5352
19 63 5807
103 11 12704
115 70 7954
86 1 5627
4 112 1853
67 68 9294
14 74 5282
76 75 6415
31 18 5981
12 19 3255
45 106 12235
25 72 10287
118 2 8882
51 32 11754
38 54 613
7 38 9693
114 22 7483
58 61 12559
57 27 11736
41 60 12154
66 101 13770
102 12 9935
80 11 8216
83 111 12835
56 9 8030
20 104 14221
50 17 13421
73 26 1355
74 18 9601
80 0 9241
64 14 11280
4 65 13535
30 56 14209
100 76 12560
31 71 4545
64 3 10000
108 21 13829
113 78 4668
65 59 9593
84 13 12326
17 0 13461
100 40 12938
47 42 775
7 54 1051
84 17 7363
42 78 4135
50 3 9434
17 113 6131
64 44 9506
58 74 8215
71 67 10547
116 51 6165
21 23 986
39 80 3178
98 75 8655
30 77 882
42 110 11929
85 45 4542
1 43 2167
53 44 2396
102 84 6191
116 45 2601
114 3 10442
112 8 10946
49 23 9690
101 104 7740
16 97 4931
118 78 10146
83 110 13575
85 8 165
34 105 3326
61 75 8830
71 70 3187
34 24 8637
73 65 12625
96 37 13390
10 82 11615
77 24 1720
51 110 4299
115 51 4214
31 58 8049
64 37 6691
93 68 14226
64 51 3696
6 115 8986
63 26 3144
70 109 7829
49 71 38
96 73 1185
87 106 12922
99 60 4644
88 1 1796
65 7 5294
8 95 3966
83 10 8880
109 15 12931
58 13 4
82 35 564
48 51 11329
51 76 3177
60 102 2602
101 100 782
77 95 1466
36 63 11534
50 72 2559
39 43 11576
26 30 8799
81 7 11899
58 79 9567
32 31 2193
13 10 11296
61 18 8499
48 78 8292
83 6 6566
22 60 252
83 71 5546
118 32 3338
59 11 5877
16 105 7675
13 85 191
111 87 2363
48 114 11276
81 88 10290
106 10 7496
76 117 1211
38 55 6855
64 39 2002
105 101 3731
27 30 4737
54 49 11412
94 117 4138
19 114 689
118 65 7314
27 69 6769
98 27 8292
89 93 246
0 36 8903
76 34 9970
90 98 13446
41 40 5447
105 23 7385
52 101 6801
52 95 7426
28 115 9244
110 11 9473
69 86 6277
93 53 3923
20 51 13424
83 19 8535
100 17 13803
63 11 9541
13 96 10060
17 12 5496
70 23 382
81 57 6780
9 15 1428
60 37 7173
7 23 10838
16 115 2798
54 89 10289
97 21 1940
113 51 7097
73 74 13638
90 18 4856
93 45 2931
44 119 13502
38 108 7373
69 54 5618
13 4 8220
101 115 4316
96 15 8191
100 77 3302
25 35 10213
48 8 4949
71 3 9604
62 74 13338
28 18 3057
30 81 5994
118 117 2684
70 31 5331
63 77 10085
98 1 3811
97 108 468
0 93 12932
22 12 5056
4 29 1247
37 24 7142
118 51 4191
17 49 12971
79 56 2237
32 29 13937
23 59 5783
42 25 9362
79 85 5705
59 89 8429
75 102 5875
17 13 3515
25 54 2614
96 99 3013
119 58 12501
90 59 6162
0 87 7477
27 14 8464
93 44 9969
8 45 14135
70 12 7629
8 30 2985
82 80 5222
4 2 5872
104 64 5955
77 35 8596
45 36 8014
86 113 3333
20 90 6504
25 94 12927
115 64 8484
17 82 5989
15 75 14221
35 104 3451
112 101 10986
100 60 9967
32 44 8417
108 27 8672
78 4 3573
87 43 6930
70 95 4892
50 79 5622
29 64 5730
31 65 1354
57 102 9970
25 9 6411
97 34 6026
105 21 11701
113 33 8604
56 115 6637
45 78 7814
89 92 8452
94 105 11009
49 25 5572
105 92 13109
6 80 1457
27 87 12862
29 91 7845
59 101 7198
8 94 8443
72 69 4229
116 61 1161
64 56 1960
54 23 11442
14 91 5658
58 39 12226
103 65 7956
69 28 1919
84 57 11156
40 37 4562
96 103 11611
53 98 581
37 22 10506
45 104 13263
4 118 4933
91 116 1710
50 47 6123
12 63 11133
1 119 4979
118 113 13312
34 56 5999
10 89 2956
39 68 10980
80 103 6664
119 37 963
7 31 11795
48 6 7814
47 93 3309
11 81 472
59 99 11166
40 70 12984
35 57 12703
43 86 7978
118 34 995
15 100 9448
20 111 63
71 64 13918
81 20 9626
70 59 537
45 102 59
103 93 10187
21 52 7937
109 11 7110
68 40 13246
86 68 13999
17 78 115
99 47 10652
67 64 11011
49 83 1660
11 37 12193
108 9 8437
60 57 202
81 10 10231
43 75 10603
110 65 3009
47 3 7672
93 82 9429
25 62 6343
80 29 8978
89 60 10132
15 1 1988
109 22 9003
97 9 7156
15 49 9474
56 83 8878
91 74 14141
83 8 2464
33 104 13441
75 104 1216
47 115 2201
32 28 13938
112 18 686
28 3 7016
39 119 434
92 104 453
76 42 13298
11 57 14063
90 46 2705
95 43 1090
88 33 4732
89 28 3820
94 12 1511
31 47 12724
14 2 10879
25 30 7846
8 80 7417
51 65 5456
47 34 3681
89 95 8875
101 78 472
116 74 13956
70 19 9127
15 45 1196
14 6 13798
9 65 10030
14 20 9881
28 94 3998
6 114 913
46 66 13321
27 66 4954
78 24 8814
8 63 372
42 57 1984
76 93 3358
83 94 580
48 46 389
71 75 7653
12 21 3039
101 34 9593
25 6 258
69 29 6288
9 64 8599
33 40 14170
96 90 195
81 19 3037
77 6 3331
8 36 3048
46 23 11326
76 84 2423
8 51 8833
6 76 738
94 39 7761
46 83 8715
58 43 2904
104 79 883
42 1 9257
105 65 743
46 72 482
33 102 5535
76 58 13636
96 30 10188
116 17 3393
41 87 4276
113 49 12316
99 113 8228
113 52 7548
7 86 10115
98 2 13900
92 95 11771
111 1 11288
68 7 1364
70 69 1912
112 13 5851
115 78 9193
47 19 8137
77 25 12800
13 52 11053
5 27 11041
115 15 11589
39 63 948
115 76 4050
7 115 961
110 12 13756
110 41 11915
101 40 1104
52 96 4588
9 18 13081
3 11 8089
20 16 13656
85 113 10348
10 5 12824
57 94 5124
78 44 12117
76 110 10979
57 36 5579
39 100 4254
33 48 1531
19 35 2648
116 71 10005
73 47 1598
30 58 7825
34 96 413
68 60 2726
25 93 4335
26 37 1779
20 30 8214
71 74 114
86 25 9746
11 30 9832
116 41 14010
102 85 13199
77 48 10243
21 25 3942
48 64 1180
72 80 6056
48 21 146
74 97 4341
26 17 10270
49 33 10411
104 31 1131
7 114 1701
61 119 7512
60 94 10202
40 82 12830
64 52 11254
63 108 3058
118 57 11124
75 86 8972
106 75 7459
107 10 678
74 43 7223
7 9 5771
54 117 5873
94 77 8123
22 70 4654
15 48 1329
92 48 165
21 93 7249
56 1 12538
52 48 2176
62 35 3735
84 110 11596
63 89 5926
13 59 375
38 8 14092
102 34 730
88 75 11884
46 70 4804
51 90 6608
113 6 10305
102 72 10137
78 117 4063
31 69 8942
18 95 1907
37 111 8895
109 28 13249
77 46 1062
86 89 7432
87 112 1204
48 68 2249
23 31 12878
41 109 4977
79 3 1668
31 68 1141
95 96 4372
109 62 7793
43 71 5964
62 72 7662
101 75 7431
111 40 9794
102 46 1181
91 100 12997
92 4 9586
102 3 9130
115 79 2126
77 37 10108
36 112 4474
10 57 4382
38 22 6555
88 85 10259
15 42 2705
65 50 10113
42 90 2745
36 101 10576
92 71 5122
49 73 5551
117 64 8037
58 44 13117
116 21 5464
55 77 5876
91 98 13460
76 23 8912
24 83 7862
73 78 12063
61 48 502
105 7 13479
80 70 3531
10 109 605
14 106 856
60 66 4662
63 44 1019
79 76 1677
10 19 9725
86 100 12276
48 4 4123
45 107 4377
103 25 1804
46 108 2609
95 4 6132
100 22 12415
12 101 12650
30 45 13315
96 12 4327
24 100 5518
63 14 3670
45 68 11398
13 81 3397
90 1 13952
17 54 13937
39 115 14015
35 95 2238
66 113 106
102 88 5793
47 65 13131
66 83 12924
2 55 12045
76 5 10416
94 18 6427
84 22 7330
80 56 860
59 9 3812
30 52 13115
112 20 5317
57 43 9352
86 61 7220
16 39 3933
115 90 8277
35 72 4613
117 106 653
51 62 1641
29 75 14001
71 69 13373
39 0 1781
50 59 2246
12 64 12351
83 33 6280
1 76 9019
11 71 4517
105 62 3624
93 72 812
2 25 14123
87 88 4401
22 82 12653
53 114 2620
97 116 10250
36 69 11682
72 20 2083
31 40 884
6 31 9573
74 56 8403
118 98 11511
83 52 12471
32 95 2393
86 26 6100
13 73 10084
1 21 9267
27 97 12229
12 93 326
99 87 13217
6 32 1167
6 92 10433
3 6 6400
32 88 6623
74 85 10483
95 91 11806
98 92 12178
68 107 12989
52 71 9020
25 36 13996
7 16 2663
113 0 6022
17 108 8532
77 117 13629
38 84 10473
113 63 11651
26 43 4920
44 87 8003
29 87 4606
85 24 11331
83 1 5850
113 48 82
93 77 3575
37 104 7573
92 12 8118
3 104 713
65 76 1799
48 37 783
86 88 6901
73 10 13560
91 111 7131
9 30 1276
42 12 8735
24 52 1072
78 28 9708
86 91 5716
87 67 2977
111 69 5835
52 51 12758
103 110 121
27 4 13026
69 35 13828
29 1 6377
116 9 10152
75 51 2241
32 25 4043
114 26 1711
32 49 11058
11 66 4264
28 35 13234
46 19 12890
86 59 2204
58 105 5945
79 119 10931
30 29 9907
17 74 3149
23 30 1241
98 83 4397
55 82 11763
3 62 8404
63 83 3816
92 56 12881
63 104 10733
96 0 585
43 33 4414
101 68 271
62 68 13922
0 100 9796
33 26 4266
60 13 12717
58 63 7918
82 5 5160
38 33 984
22 0 12475
86 112 11601
114 25 3755
103 106 9481
28 44 277
36 76 10107
102 21 13054
33 100 9680
9 85 13611
36 33 996
24 92 6820
84 50 8272
79 41 3876
19 67 5946
20 40 7329
111 0 763
86 60 8413
18 7 12569
96 66 3134
11 100 3801
18 71 6834
105 67 11070
94 114 1801
112 26 12242
4 88 13747
27 41 6989
77 118 10479
70 44 1146
6 56 342
48 97 12243
42 75 8476
68 51 11869
4 93 6623
117 18 6652
47 12 5721
98 32 2882
58 8 8827
50 32 3287
24 10 11481
60 110 8234
107 95 861
64 107 8161
77 53 12919
98 64 10113
84 73 13653
65 100 6179
38 75 814
103 54 9496
102 24 4582
69 82 4950
50 1 5235
93 112 10179
112 7 10972
44 10 3013
20 96 3274
15 57 13199
92 87 5138
106 73 6156
102 0 6830
13 95 13537
37 35 2648
58 32 3933
76 8 6815
57 38 12170
89 102 7046
66 52 725
108 113 12582
118 68 168
70 93 7501
19 90 2974
0 65 2002
30 24 2605
53 116 1141
6 105 8995
88 84 10206
14 11 1025
59 84 10639
35 8 6689
51 73 12056
100 35 8523
40 102 8222
9 119 12280
24 64 3556
7 55 2996
63 116 7470
93 27 4895
66 85 12663
37 57 7289
64 63 4516
105 15 11634
26 48 7802
77 102 13305
57 113 11384
31 82 2865
55 15 8933
66 80 10969
68 32 13634
15 10 8669
64 31 5703
95 106 9056
75 114 5610
0 56 7208
87 60 339
105 106 445
82 54 11442
36 117 12417
15 91 9945
45 51 9580
62 58 10743
58 18 3612
21 115 7486
78 19 2572
55 6 9044
86 8 9531
101 55 5481
58 36 6691
16 89 4503
41 89 10557
56 13 6065
97 67 8243
27 50 9103
97 119 7418
66 20 4582
23 77 13727
117 91 10956
31 51 11770
119 112 948
19 66 12647
68 80 11226
74 1 7083
98 67 4253
16 35 2798
106 80 1867
14 95 1039
67 83 1246
76 40 12201
18 89 7424
21 95 2750
40 78 14255
3 82 188
118 5 13159
50 23 13737
106 118 5721
94 115 784
96 83 4466
65 46 10138
9 90 6319
12 78 13212
102 119 1105
118 88 424
26 116 14204
45 7 1095
118 79 281
109 95 4688
94 87 1528
30 99 2041
19 101 2689
94 0 5285
85 34 13759
83 109 11196
46 97 731
21 118 8998
72 40 5070
101 81 6319
84 27 13722
61 16 12507
47 2 8333
13 2 11043
50 81 3455
45 31 14093
71 89 1241
5 37 3701
16 57 11180
53 82 2987
31 38 4529
66 115 11962
19 60 7953
26 68 10109
88 116 6670
106 111 9889
117 17 2381
15 59 7243
1 52 6077
8 106 13707
25 118 13148
2 5 893
101 22 9721
115 54 2549
56 52 5501
54 63 3000
17 45 9807
49 40 12430
27 1 9608
48 94 4395
114 37 5850
49 26 8670
5 83 4284
64 86 164
101 71 11498
62 10 6836
50 62 2260
74 0 3907
105 51 4348
110 66 8132
83 58 13217
91 76 6228
67 106 1084
118 89 14024
95 46 14239
99 35 10361
83 77 14052
53 72 4054
68 46 5470
87 15 12223
32 67 12808
99 78 8846
28 38 10427
16 106 12607
62 79 2412
7 96 2985
116 70 8269
26 67 9965
50 119 11961
5 48 10447
86 81 357
8 59 8196
111 13 7482
100 46 7773
70 98 13538
31 48 9468
117 44 8050
117 33 10043
91 114 1139
5 72 5481
89 2 11142
40 74 12237
92 116 5227
86 65 10763
16 64 7012
95 119 12094
57 9 8036
103 15 216
68 36 1536
71 45 5336
32 36 585
16 81 14197
88 8 7280
114 5 59
8 107 8135
16 91 6804
116 83 13079
103 52 9506
38 95 8040
39 89 3194
58 19 9316
36 64 4728
26 10 9953
79 90 4085
55 1 8659
39 86 7469
23 58 5332
7 107 4725
73 11 641
71 27 528
80 14 6986
79 29 13917
75 87 2131
72 0 5125
5 17 1450
25 109 1273
114 98 13192
25 58 3003
42 94 8485
41 59 9999
21 72 2504
118 46 12877
93 31 12621
56 28 6076
75 5 2092
87 97 640
79 91 411
84 30 11671
116 16 4520
97 81 12256
34 41 895
36 28 2268
97 89 10307
58 71 3160
46 55 2874
60 70 4370
45 94 10152
96 92 6102
76 96 11690
89 87 13837
114 79 12399
108 34 12036
61 37 2638
53 94 9805
77 81 12124
104 61 13992
91 104 4668
26 44 985
80 33 10069
62 59 14251
92 57 7089
51 5 5128
55 94 4318
64 15 10854
100 32 2494
102 111 10660
97 105 432
44 16 8320
11 29 10450
12 9 2097
25 61 10456
92 32 5453
62 57 1741
106 102 8621
112 35 5602
106 101 9737
94 35 1021
12 53 14152
13 65 4643
61 98 7544
53 41 11946
34 52 6030
50 29 9719
86 93 10213
55 102 3970
113 117 11605
27 94 6713
71 113 2439
20 100 4637
67 29 8018
70 16 8236
48 16 8661
85 49 3384
83 9 6928
118 43 6943
12 66 6862
104 100 9001
88 31 10162
12 16 2960
53 27 609
91 92 8199
4 35 3487
35 117 9244
95 36 4756
72 33 10340
59 88 6730
55 59 2363
39 13 11664
18 103 6791
16 69 12088
62 36 6183
76 103 4208
65 98 11699
68 96 4610
114 100 5223
28 100 14067
31 22 13957
61 84 3333
4 30 4592
101 64 13282
27 76 10129
10 0 1750
16 29 686
30 95 3127
41 100 9377
52 117 5660
5 69 5224
81 49 8933
74 12 9448
60 103 3990
7 88 3756
38 67 666
58 103 2895
84 49 886
100 119 9403
36 59 6859
85 4 10819
31 3 12877
7 22 841
57 93 3199
70 83 10269
1 80 12763
100 56 13690
55 16 8878
51 93 7435
72 56 3074
44 92 11043
114 40 12583
24 109 9254
17 8 10666
92 66 9731
114 10 792
51 56 1211
10 88 8522
14 79 9204
76 7 1071
85 93 10196
64 65 7509
22 77 11064
87 84 4012
23 75 2612
61 13 13392
75 1 10388
106 96 1072
58 15 273
30 72 8136
80 58 1275
54 24 4994
25 7 10801
17 36 8130
40 73 8846
112 38 2383
88 111 9151
94 33 8659
114 66 10144
44 2 3308
24 96 7377
18 97 6785
19 109 7815
65 28 6907
84 6 3136
30 59 6316
21 9 12524
80 101 1235
80 13 3226
73 9 468
42 33 9443
102 8 1080
9 87 5207
105 112 10904
81 67 1193
68 104 11657
9 107 12860
91 27 612
80 108 1679
47 104 3249
106 54 10398
58 97 10629
117 112 3409
119 84 14230
45 111 8339
33 59 14082
39 50 1193
95 65 9050
34 92 10633
10 96 942
23 0 1367
69 18 8258
0 85 4175
105 32 13491
32 78 8247
51 33 8996
105 107 7429
82 103 9079
108 53 8864
3 77 5324
115 65 1720
88 63 5559
15 27 13442
2 60 3856
109 50 4676
36 51 4218
97 1 252
43 38 11030
4 31 9814
108 33 11136
20 113 11757
53 60 10232
6 15 1305
25 23 13038
26 51 234
99 82 229
110 32 7571
34 113 7849
59 93 6299
72 70 9229
40 119 13103
47 89 12966
13 43 10667
43 78 1733
23 1 12006
28 6 9684
118 22 3063
46 79 269
87 46 891
67 112 12645
101 10 3819
30 113 9
89 38 2903
11 10 11442
70 77 7369
105 103 5731
96 45 4088
60 118 6118
43 22 13977
98 35 12811
106 110 11441
44 116 12489
45 13 11863
71 65 7128
106 100 1789
97 106 8743
22 30 6803
32 11 8554
111 59 9132
12 79 7850
8 81 4133
13 94 2437
37 115 11631
117 110 12718
3 84 3122
75 119 13588
90 88 1087
90 29 4083
10 70 10389
56 66 1020
111 80 947
17 62 5532
48 45 2177
98 60 130
3 113 1347
85 12 12745
80 42 4921
8 75 5686
15 117 14254
89 19 2707
111 73 7531
72 108 5951
29 17 163
14 41 12623
81 78 10775
36 54 4618
76 53 326
17 68 2616
60 24 4448
105 47 9141
40 80 7424
9 106 290
1 106 8445
106 84 2456
67 33 1387
118 69 12986
33 99 7065
4 61 5811
27 42 7190
34 69 8863
56 105 5184
22 11 3518
68 71 11323
62 70 5902
75 72 7460
50 11 6607
7 100 3470
37 98 9698
33 106 6064
22 117 1946
93 95 14105
72 36 4616
111 30 1961
7 93 2030
48 58 1922
47 37 12432
107 31 9201
96 39 12536
74 7 2271
44 4 1668
41 23 654
110 90 12145
19 20 2480
66 58 12704
37 101 8709
36 110 3624
22 96 7013
30 91 12528
10 111 14077
97 13 9282
49 80 13955
25 39 10947
74 30 1611
88 69 6702
101 45 5882
72 74 2068
11 2 12175
76 26 11790
14 52 12842
96 91 4193
17 88 3755
76 14 7849
90 85 7898
29 31 9194
22 33 12376
18 38 13573
67 46 2809
74 61 4298
14 33 4147
36 31 2001
87 47 1418
111 38 10614
63 24 6757
11 12 10635
117 74 3799
9 39 6153
2 106 13473
41 48 7623
42 62 2291
66 87 2982
17 94 9103
41 80 2761
91 43 132
61 40 9553
57 44 5488
51 55 4228
13 14 5793
26 25 13220
58 11 64
95 117 5942
24 69 4460
34 49 2352
50 31 7106
53 56 11897
89 91 6903
96 112 10305
43 109 13042
89 17 6629
8 68 8653
99 71 10300
27 36 13906
73 59 6601
93 101 1235
0 12 3796
12 69 6112
13 8 1887
7 98 3312
26 89 13613
105 22 11901
117 111 7039
31 9 6869
41 88 10761
77 82 10614
37 113 1652
82 78 12796
70 14 6158
17 98 6215
38 6 5976
15 36 9236
80 67 8145
75 89 11076
8 117 12214
62 94 12178
81 93 5180
113 104 5017
44 50 6451
116 28 2808
43 15 10482
20 116 13659
63 102 8282
58 16 1013
5 23 11266
14 85 11663
92 113 14025
53 101 13831
86 33 5789
2 71 3332
36 42 5668
43 25 11794
103 53 4280
61 35 7780
61 46 3454
86 76 8315
93 116 3530
58 52 13672
32 13 11122
82 85 9427
100 92 1724
110 8 2692
82 30 3154
8 6 14268
94 59 13604
95 29 6555
117 92 5936
5 119 3229
72 89 2753
82 15 8332
90 17 27
57 63 8467
4 115 6773
30 54 10665
97 56 10742
91 35 11486
49 74 11843
72 19 11587
116 94 4801
45 46 11803
9 38 8886
54 67 10439
71 33 9520
66 14 7981
102 44 2775
99 77 7180
45 118 9253
34 57 12663
12 104 868
43 14 7441
58 42 506
97 70 3283
64 0 4631
13 75 8096
92 80 12134
14 56 2466
69 84 8021
64 17 13523
82 65 12202
105 86 53
51 78 4895
106 29 711
86 41 12245
83 62 6024
10 49 10904
64 46 1819
98 19 955
38 98 1624
45 57 8889
88 97 14217
112 69 7007
83 29 9080
3 58 12929
24 82 5378
9 67 9239
54 11 7659
117 29 417
94 73 7659
15 51 600
32 26 11971
84 53 6969
80 107 12944
65 108 10198
20 65 11605
24 13 4631
68 35 2136
70 111 6291
119 25 4908
41 65 7099
32 35 1889
18 76 9285
36 104 8147
33 112 6746
115 30 4155
2 34 12309
36 84 10059
0 15 761
108 118 13620
3 96 7051
60 71 240
110 98 6501
5 86 4470
34 42 5664
19 99 3835
78 18 13814
114 32 12450
95 48 8995
24 57 1544
71 8 3696
16 27 1541
84 93 3644
119 8 9197
20 95 2665
60 64 1795
31 28 12514
74 76 6307
89 56 5224
103 97 8351
56 113 8436
31 27 9477
78 79 9576
62 89 13583
19 51 12893
92 64 9377
5 40 1112
3 45 3002
29 100 11462
28 79 4045
112 88 385
12 115 6707
69 30 5479
23 91 11125
48 18 4684
47 69 789
118 119 10464
10 74 6449
45 76 2906
4 109 11521
12 105 6205
7 118 8564
5 47 11714
68 85 41
55 105 8714
55 36 8390
91 12 5534
47 116 11876
81 99 97
24 53 1802
10 80 9608
84 58 6549
22 59 12443
82 27 290
24 29 12602
97 17 9315
50 54 3632
26 78 6431
52 9 9409
12 117 4001
41 50 1048
90 56 12291
65 55 8675
103 20 12393
58 54 731
22 91 1144
8 43 324
67 76 3126
97 19 13200
2 0 1958
22 72 7200
119 56 12732
14 92 8900
42 111 6501
100 9 9885
51 102 9750
38 104 8206
83 78 2428
21 64 680
93 32 7624
9 70 8008
110 37 12392
97 104 2373
53 1 11654
75 34 7775
74 32 5741
15 18 10236
83 60 11605
59 32 6555
40 88 12477
61 97 2003
119 96 13893
80 113 11648
46 16 10172
4 79 9054
34 63 1708
46 4 9060
60 5 5465
37 87 12862
79 63 13820
111 113 3211
64 41 5165
90 100 1299
114 86 1832
77 72 13616
82 4 6772
83 47 8224
29 76 8006
75 12 6247
115 82 11456
42 39 4439
46 103 11384
8 15 3261
105 109 1102
40 64 821
13 110 13280
28 62 12295
106 26 9276
75 22 11909
118 99 14088
86 116 13671
35 92 5486
31 59 12874
1 85 7484
1 65 3069
17 20 2844
19 105 7007
68 106 1843
90 119 10163
17 37 783
84 97 11819
56 33 9700
53 73 14142
70 30 277
44 51 11591
57 58 3516
60 74 8642
22 14 7924
108 37 13190
17 101 14162
6 43 6038
16 82 11482
2 15 12457
108 57 6904
47 0 4637
115 45 2726
119 42 234
12 32 6446
103 79 11392
83 105 762
94 111 3058
98 23 4627
10 58 7255
94 4 304
93 98 10073
68 5 10488
110 33 1013
83 86 10834
16 102 12556
27 70 11404
54 13 11371
64 97 3531
65 48 395
55 12 4018
110 104 4275
104 15 749
21 110 2309
64 100 9990
69 94 1814
41 106 7617
24 25 13579
37 59 9222
8 72 8473
7 1 12175
25 96 7649
66 29 13749
91 84 2913
84 8 8705
68 24 2224
60 50 1462
101 0 5784
111 27 3356
59 61 13465
24 39 1783
115 57 9901
1 110 7518
38 16 9480
63 37 9330
55 67 6537
0 34 4060
78 58 3024
73 103 1497
83 61 12976
45 75 11003
7 70 12071
110 59 7377
18 64 2051
24 72 2306
69 74 10424
62 119 14172
72 38 5345
2 33 3635
37 82 7315
72 9 10091
17 4 10791
100 4 3807
23 90 583
61 20 12271
119 98 5659
58 45 11165
29 68 2031
113 44 7954
90 27 12785
65 57 2014
40 51 8513
103 91 639
21 56 11826
30 100 10822
24 40 9273
103 17 13131
113 43 10241
72 55 1493
86 17 10748
95 86 10788
35 13 5903
94 96 177
46 15 11061
90 86 10328
99 46 8571
70 54 1403
29 89 4834
81 61 6485
98 62 9505
70 47 11253
19 75 4274
19 34 11985
82 110 11314
5 45 12975
51 54 12430
44 101 601
16 10 8580
36 37 304
117 86 9909
54 56 5600
54 44 1402
105 91 12037
18 115 8149
44 77 925
31 34 8637
48 75 5335
91 6 3989
68 13 1107
15 26 8622
0 70 11346
117 0 145
53 117 12376
32 91 993
42 104 5620
38 35 4532
107 6 1222
38 109 7299
3 20 11379
42 55 4975
23 47 13044
60 59 4265
47 28 14026
64 72 1740
85 101 7835
19 31 10439
3 33 280
32 21 4575
97 41 2325
111 16 4474
112 52 3706
36 89 630
87 56 7637
79 64 11733
77 33 657
66 25 7600
88 91 5343
55 19 280
43 103 5743
47 10 9401
89 8 8761
69 92 1580
74 24 1407
82 70 7217
53 48 194
92 74 9681
19 117 9701
103 78 2124
33 74 7756
116 103 3174
0 75 12172
50 34 6159
97 99 1170
99 21 2094
30 50 3789
5 30 2053
108 98 7920
90 33 12878
116 98 1035
1 78 2250
32 41 10739
119 85 12386
86 109 13029
76 32 3378
62 1 13057
14 28 12282
33 114 8612
102 67 3824
104 114 5087
22 67 518
39 112 5949
100 118 14110
14 16 7874
95 64 925
50 53 3761
113 24 752
20 9 6019
38 114 5405
22 25 5149
37 107 8197
86 50 8227
14 8 3777
116 15 8330
27 85 6633
70 32 3144
45 40 9466
104 43 1979
13 88 6868
55 3 936
48 69 4732
108 35 9748
82 117 6429
20 92 12446
111 17 49
83 97 1297
48 1 5927
118 91 8205
3 65 1903
80 36 10609
7 34 5208
108 101 2934
65 109 13321
110 2 925
66 10 5412
0 55 10823
71 26 11702
63 52 192
83 64 1116
51 3 3595
81 18 11871
23 11 4541
64 90 1519
60 47 5636
16 36 4720
113 105 11821
119 88 9673
36 30 11593
67 101 9360
3 70 12856
43 106 4369
24 59 14175
85 78 11107
71 10 13649
0 32 12205
98 73 6003
44 12 2968
119 57 2092
89 66 6663
3 74 7359
70 113 5912
117 79 13649
7 79 5444
51 10 10170
64 116 4770
46 117 2324
72 94 11902
112 95 11356
51 35 11146
93 80 10464
4 38 7201
21 87 8791
103 2 12591
88 92 11544
7 36 11295
119 14 4641
90 36 6172
18 63 11163
95 90 12357
65 23 1700
85 111 13585
76 68 758
24 56 13101
83 89 12342
101 117 7498
88 57 6887
101 72 11405
27 105 13999
47 68 5362
19 96 11130
8 97 10147
13 6 6728
95 59 828
56 99 6901
119 69 12002
36 3 5634
112 97 9841
76 105 3121
70 53 3560
44 104 7166
49 96 7305
88 0 12367
24 84 3046
55 32 10904
36 70 10042
24 91 10421
43 105 10120
55 28 3819
29 41 8353
41 43 7563
21 100 6216
33 35 3141
99 66 7710
66 116 12792
23 109 6917
58 26 6965
77 71 6577
105 18 9594
87 31 2668
86 12 8398
19 22 5327
51 42 937
8 31 7607
119 46 12112
97 47 9725
0 43 4202
76 108 3623
40 50 4746
38 102 1479
96 27 418
61 44 8094
109 9 8234
37 6 927
34 54 6448
28 111 6905
60 17 4248
103 29 5887
85 91 14259
10 59 9538
78 31 6303
67 43 4201
86 72 5052
20 110 11334
85 37 5728
43 112 11759
10 34 5988
68 73 3440
66 35 9115
69 115 2372
109 47 7846
15 7 2433
96 33 10068
109 6 5185
7 33 6010
86 58 8272
104 95 11524
68 22 3257
113 61 848
83 107 3197
60 90 13667
18 52 365
25 98 1495
68 42 11315
23 106 578
62 52 13473
0 3 12262
43 97 176
40 62 7471
117 55 9125
78 105 324
118 19 8837
110 107 2426
9 5 3428
87 4 1552
43 60 5941
73 97 3238
17 42 3122
63 45 7900
52 57 8705
117 4 12095
98 66 5026
60 107 9176
25 63 5098
67 89 7406
60 21 10436
118 23 2461
39 34 12361
31 60 12165
26 70 12645
102 110 7444
119 28 2537
40 28 666
81 34 10352
5 15 10104
9 60 1918
34 71 6519
51 104 11355
23 51 5380
43 85 2392
83 13 11124
92 81 1179
116 107 4153
46 38 7184
58 56 9350
41 76 5329
5 108 2648
4 111 3193
29 114 7844
39 103 2072
40 38 519
92 58 6005
87 102 10153
4 18 1719
105 95 5927
100 108 4568
59 26 1656
101 70 10309
75 54 14073
38 105 10441
87 108 12399
33 20 6008
113 27 12492
109 68 13413
35 17 5836
18 50 9777
51 80 9985
79 66 6972
64 28 5891
17 59 12062
88 52 8042
35 85 5345
49 18 14197
71 59 3025
73 45 7894
58 102 9648
115 17 3467
45 11 4065
48 73 7250
110 17 1800
103 27 6323
101 21 10643
80 91 14095
111 35 8748
30 32 2149
16 92 14191
79 82 2067
1 14 12693
73 31 1603
22 115 1652
20 102 11204
83 100 12866
55 93 7038
104 32 4391
118 114 2729
5 66 5975
6 69 1868
40 67 5400
26 38 11070
116 29 11429
116 24 12195
27 88 2806
88 117 4017
84 20 3208
51 98 7930
27 92 14067
86 37 9257
29 45 5620
49 97 1050
110 74 9409
3 12 12401
45 61 1027
35 110 6968
77 31 433
9 102 2957
77 59 6587
38 24 5213
63 111 11637
72 13 1721
5 24 9115
24 108 11273
52 8 12502
62 60 3875
68 16 1020
116 81 5295
22 86 12811
29 21 4701
80 110 6596
85 106 10773
69 117 13426
2 61 5239
39 78 7705
0 84 5063
13 115 8715
100 23 11799
105 64 7763
24 67 9561
34 109 3372
2 32 5174
82 41 2942
22 5 11288
97 11 5642
96 56 10659
113 93 11881
77 92 10581
23 29 12637
14 60 593
65 40 12530
65 58 2739
79 49 13654
18 118 5287
47 59 12344
118 84 4917
35 70 4382
110 91 13510
2 62 4738
9 54 3267
57 67 13311
96 9 7957
93 16 3074
108 75 1271
43 69 5203
107 61 11506
35 87 7816
28 8 7906
116 96 5464
6 18 2884
108 78 12880
3 39 4261
18 21 13069
34 95 11187
31 12 4517
74 82 9318
23 52 13009
1 64 3251
35 53 4278
70 61 10572
33 39 13615
25 67 2825
23 45 8310
60 77 13841
12 59 4346
110 44 3615
65 106 9846
98 112 6395
7 24 6017
80 118 8264
24 110 7888
70 119 9085
114 24 9704
1 101 999
3 72 11172
19 9 11157
74 57 12896
20 67 1459
116 99 12973
12 52 4308
28 20 2047
39 30 9300
87 113 10697
109 92 2632
119 52 2596
3 22 7833
32 73 2481
24 71 3568
32 24 314
99 89 12329
94 63 3943
48 86 10583
22 81 11833
24 9 6252
48 99 1412
111 25 3349
1 71 7148
113 8 4488
91 49 2629
14 46 12637
93 69 7404
3 13 3432
104 78 528
19 39 13160
56 103 2346
89 0 13234
25 0 13684
29 12 12465
112 107 12707
107 26 13968
100 19 3799
74 51 8835
27 60 4471
13 100 2412
56 107 1592
55 104 6006
80 98 7294
44 37 8556
45 47 13709
27 74 2852
103 70 5089
28 26 12041
93 9 6734
53 42 2530
106 71 13856
63 62 7932
46 73 12977
16 98 8974
36 21 8601
23 60 13800
82 86 12546
60 92 13803
78 14 4319
53 66 9996
51 9 9423
1 35 7534
53 88 6580
27 51 7883
18 79 10470
96 104 3711
1 63 5427
40 99 9409
80 63 4817
62 78 12036
73 93 13042
70 2 12110
93 99 6944
29 107 496
115 26 2947
6 72 2288
50 110 4883
53 96 5887
5 16 13899
0 8 3665
33 91 7599
17 77 948
48 13 1938
56 43 3848
110 25 8832
107 13 4519
50 114 12802
112 81 5416
91 31 4360
73 62 12902
86 94 7835
0 46 10172
103 23 4299
22 54 7257
101 27 11255
39 67 5389
2 116 8312
47 38 14062
113 50 12906
61 96 11897
1 26 685
37 21 5721
56 47 627
60 6 12101
81 117 209
88 96 13211
81 38 406
53 58 2117
78 20 13999
41 35 10124
18 73 10864
87 24 4080
66 97 6942
93 15 5321
62 66 9271
52 0 8057
56 75 2456
79 100 10711
27 37 3827
4 11 6421
67 92 285
111 79 3715
84 44 5651
85 84 2055
84 42 11040
74 66 6623
11 117 28
59 92 12578
89 6 14137
60 32 5622
113 38 771
41 99 12341
61 80 9363
50 2 4799
19 68 8145
64 102 796
79 109 8874
41 68 11182
51 49 14098
10 93 7392
84 48 430
9 45 13091
45 103 355
30 104 14102
21 98 3367
1 0 4152
91 44 11310
96 28 3486
114 119 6792
87 32 4350
86 38 12624
114 2 6877
69 80 2517
35 23 209
23 12 137
87 18 6126
30 21 4946
31 113 4581
113 91 12758
115 105 296
88 108 14210
80 78 3981
30 107 6011
15 24 10194
52 50 4470
69 81 13169
82 76 10281
31 97 4951
99 18 12490
86 119 13021
24 90 1617
105 44 6928
94 11 5500
25 84 9708
62 48 5210
89 32 8103
66 81 12636
116 100 8415
89 33 13616
53 26 2201
48 71 13109
58 91 5482
93 106 14112
0 106 8192
10 22 13588
104 72 2438
68 105 12354
88 43 5675
114 80 12773
93 60 6229
21 14 9086
104 109 13725
57 103 11550
89 108 2865
91 99 13681
70 57 1275
116 69 10961
103 95 2944
101 94 12350
17 81 8998
81 55 9996
5 62 10471
103 72 5831
91 94 9382
84 94 9650
76 63 12304
3 97 11032
22 85 4608
4 3 5544
41 72 2777
73 117 7204
46 52 8349
69 106 7112
50 9 1387
23 83 8557
52 20 4346
33 82 12968
10 119 1455
74 88 5687
101 49 13442
55 9 9642
46 110 12730
26 13 673
97 50 9643
76 69 3312
77 112 12734
35 67 6759
14 117 4017
27 78 1701
92 21 4769
106 35 8862
87 51 10227
88 15 6299
8 3 2590
20 59 12120
57 112 793
85 31 5093
90 21 8172
55 110 13844
99 83 3972
6 117 9603
109 29 14026
80 105 5044
22 107 6682
114 117 505
90 84 7833
12 50 2314
77 88 5927
2 78 8739
24 111 4504
68 103 6333
97 79 5028
82 57 2287
20 31 434
86 27 2608
25 29 9778
85 59 12410
13 71 3724
85 96 10658
43 2 5097
92 76 4577
98 72 13879
91 8 789
50 67 5175
83 88 4077
20 18 5985
115 113 4101
54 113 5659
48 83 1183
14 5 13222
55 64 12948
70 81 10331
108 19 7278
51 114 12388
25 88 4348
20 70 11779
60 49 13446
5 85 439
30 16 11958
63 75 2083
59 116 2519
4 106 12453
98 78 8001
114 89 7767
4 97 5971
79 30 3423
114 18 12400
83 101 8116
114 85 11912
107 24 9611
38 34 4469
46 27 12000
39 98 5006
52 72 4373
79 2 13543
35 105 5565
118 63 5640
114 78 7687
82 29 12474
1 6 8442
2 96 5865
12 10 6972
2 117 10523
68 98 5910
20 91 5876
17 58 6360
112 27 10533
13 119 36
16 117 12324
67 108 6179
95 73 5000
20 53 1090
113 69 7580
110 67 14190
101 42 8380
104 28 9332
7 0 8330
48 101 6543
9 23 5265
61 52 8756
58 118 9847
60 0 11640
1 112 10057
74 81 3351
27 40 9704
60 69 10075
91 47 11082
51 71 10577
39 55 225
53 104 2670
100 3 5274
113 41 4960
32 47 5368
51 21 11780
83 73 3958
75 69 5483
98 86 10831
89 25 624
54 78 510
71 73 12057
53 92 7178
34 17 3272
65 77 7845
43 45 8067
22 103 7263
67 8 7277
114 105 9640
34 14 13580
48 44 6713
64 8 5859
103 50 9696
107 17 6551
114 57 4533
42 91 9887
99 45 2005
61 78 11058
7 35 8209
78 77 7319
108 39 733
4 0 13674
18 40 11960
111 97 10558
15 92 12520
94 7 7086
97 22 10514
43 28 1716
6 26 7413
104 116 13960
88 49 482
95 110 4744
45 66 4466
116 67 5039
40 29 1966
41 83 4276
114 43 8902
57 30 9334
14 35 12586
32 4 10801
85 97 4993
1 82 3140
2 63 5931
81 73 2516
24 46 167
60 65 1593
28 4 3931
73 105 4248
38 74 12618
117 80 5608
93 62 499
76 55 3191
54 10 3285
110 88 5243
28 86 7008
3 88 5714
11 64 2755
74 53 8937
87 100 1059
53 13 9333
43 98 1669
36 77 6879
95 118 11132
72 65 9477
80 38 10871
8 39 11235
64 5 10786
110 115 5864
113 10 10333
97 93 1277
108 77 2556
6 75 10709
110 4 12984
75 65 3304
65 96 13660
84 96 7253
90 30 12720
83 44 2096
18 5 3321
50 92 8217
69 108 8835
58 116 9169
13 50 10822
110 99 3503
112 9 10024
104 57 1706
71 115 6471
59 81 9887
43 32 698
90 92 12381
78 63 3656
45 52 1867
87 117 4111
89 3 5493
8 49 11097
24 21 12106
45 82 4689
28 0 5864
43 116 13200
88 54 13808
44 98 5831
2 91 1336
45 110 3574
48 42 9437
59 115 6520
76 101 4471
109 13 3404
87 107 10633
87 2 5884
4 56 4790
30 51 11472
46 58 4514
41 21 3336
86 19 4205
50 112 1316
30 48 6125
43 37 7642
68 78 4868
60 42 998
57 18 1903
17 27 9839
100 105 6156
101 8 2678
35 11 95
86 29 2325
21 109 1399
85 19 1380
37 65 2868
21 67 967
14 81 975
0 97 5303
56 62 4994
25 18 8890
108 41 11665
32 27 8626
23 69 8761
29 20 13609
26 4 6225
26 22 2116
119 74 1990
8 46 14094
8 98 12496
12 62 6626
90 76 7319
83 50 2794
106 113 5112
93 37 4976
13 7 9443
114 47 10408
100 93 9974
64 47 1505
4 55 9117
117 61 9643
106 53 3073
12 4 6409
86 47 10138
37 32 7420
47 17 5564
47 113 164
119 24 8245
85 92 9891
94 34 14204
65 25 8556
71 55 3437
59 66 5779
102 71 9654
72 87 2878
31 57 6208
33 97 537
18 26 7679
110 75 11948
83 12 1093
25 76 4055
57 83 2999
93 35 7587
7 8 1788
94 113 10565
54 107 1084
85 28 344
107 59 7189
117 109 6375
107 96 6302
46 115 8393
56 114 10337
116 115 13945
119 78 13603
13 46 14155
100 16 10820
48 50 14044
44 17 9888
117 75 2855
61 66 6361
60 112 11872
6 116 12196
119 105 3456
84 113 8127
119 99 3482
5 110 6706
28 105 1873
119 117 1795
61 15 13526
53 119 10179
103 32 1936
103 63 11076
103 31 4662
60 115 6267
103 111 4930
107 11 1287
55 5 1323
111 75 8766
31 99 10675
16 80 13767
105 49 6033
32 108 7004
7 116 876
32 94 118
75 47 3226
118 110 9761
97 40 13231
69 2 7576
5 93 3383
40 9 13128
76 56 7825
23 96 12830
34 77 828
21 58 5216
57 61 5455
72 88 10696
81 103 9160
62 110 5436
86 85 13064
103 1 8733
65 27 12640
6 16 12896
64 10 10707
18 37 11897
111 36 2629
30 105 753
57 72 7754
1 40 13823
91 53 12643
118 36 9231
72 76 4611
62 33 11250
16 94 6457
32 77 5097
81 23 4752
35 76 12746
30 49 2487
4 84 11457
70 106 11801
96 118 5041
105 8 7292
25 91 5591
52 78 2706
35 2 8307
111 58 1326
11 99 10083
20 36 3796
66 70 7741
30 43 13704
57 33 7310
113 19 11392
98 29 6554
20 118 509
32 97 3080
89 21 7707
112 54 7295
112 65 1120
42 73 2363
18 75 5029
24 0 13925
55 69 8497
89 88 6176
34 107 7126
65 30 1428
27 100 7989
43 65 8114
60 85 2458
108 47 897
117 25 2632
48 10 11073
8 57 2957
90 16 5561
20 94 7265
77 27 11965
94 90 6739
0 71 8313
67 90 2305
42 32 8212
95 60 5755
72 100 13446
85 21 10904
23 53 2135
71 17 13552
98 104 4507
6 45 13755
87 73 4262
45 28 5642
90 81 5538
12 39 12320
71 53 7159
93 102 8946
110 100 1983
49 93 7589
88 24 1152
41 52 10987
62 90 4764
83 14 6723
3 67 971
71 98 13000
78 41 8443
39 27 7499
1 70 8252
106 5 10488
51 59 3880
87 61 6148
113 36 13431
67 70 800
69 10 13020
24 2 12398
69 78 92
29 33 6256
112 113 11571
84 114 1203
90 54 12695
0 44 11434
80 26 9219
81 94 1131
54 1 708
28 7 2229
25 28 7587
86 53 7379
96 80 4428
1 13 1859
48 67 8414
46 25 11558
10 38 4894
54 73 1029
41 1 12511
47 6 9986
102 90 7803
93 61 5535
110 53 8104
23 10 4645
8 32 10448
24 98 9475
23 71 13384
76 33 5854
58 112 8112
114 55 820
62 92 12948
33 12 12169
90 14 13627
82 48 2559
88 67 5999
111 48 10793
110 31 9932
45 88 3502
88 21 2206
87 59 8863
47 14 4828
61 82 9688
115 32 6191
119 87 4859
105 36 9959
92 110 1872
15 32 604
17 102 10283
68 89 12019
41 63 13598
81 82 1570
4 81 14164
61 11 14144
81 95 2411
20 35 8346
7 2 12457
14 65 2104
104 46 4547
6 111 8997
18 14 3806
4 1 6324
101 16 7848
31 39 10964
49 107 13983
91 37 2253
49 61 13751
69 58 9161
95 26 3413
105 53 12749
62 75 12232
19 8 5565
7 99 6656
14 0 4688
50 55 10443
100 55 5663
70 65 214
86 62 12479
57 19 7713
7 102 1321
87 57 5425
87 5 2830
109 12 7202
34 99 11194
51 77 9064
72 71 6637
21 104 9273
41 7 3122
118 50 12200
71 50 2254
65 33 12267
94 5 709
8 29 440
52 118 4955
49 41 12607
38 44 7261
16 85 10187
101 99 938
9 14 8146
31 41 5647
88 73 4086
15 77 3258
39 21 10137
14 96 8785
26 36 11482
99 39 12663
73 63 5571
102 117 8580
49 39 4469
64 62 4379
86 104 119
115 5 3559
109 85 284
34 58 10793
17 69 7879
12 111 3560
32 52 12972
46 26 6225
5 54 3286
5 70 10458
84 105 3280
12 88 8408
44 55 5514
92 13 7483
38 66 8246
89 106 4665
111 89 9500
104 4 8742
32 81 4826
90 0 14266
32 116 1527
94 79 1932
101 84 2692
67 1 2891
61 41 8932
37 46 11160
2 41 10972
106 88 4781
110 18 197
74 25 2720
41 38 652
5 100 2436
74 64 11497
20 24 5061
8 79 10342
43 77 1966
94 41 7382
90 108 952
31 119 8754
114 116 3089
59 98 11399
37 3 3922
88 50 10720
11 28 8686
58 37 5678
87 109 7320
24 50 6615
101 65 176
104 102 8032
102 56 14091
89 13 699
21 34 6512
94 112 1014
52 29 13744
114 60 11623
4 47 13857
92 107 10545
41 9 8589
73 108 5478
15 39 1662
75 37 5561
96 8 9344
25 79 12714
23 89 2672
87 78 11968
97 14 11711
27 67 10089
56 112 11614
20 98 1998
69 56 12095
74 48 626
15 56 3760
76 54 12294
101 96 8142
4 75 1244
59 68 11853
53 55 12799
99 36 13201
7 110 11693
88 35 13608
63 93 11368
31 62 3320
13 25 8579
105 108 4649
51 58 2547
82 111 1791
10 116 7447
43 68 4472
98 18 12907
4 40 13332
47 106 8403
39 51 12817
91 107 2390
27 35 8345
78 75 4164
112 6 9159
99 15 2719
96 79 9246
70 64 1421
23 8 13472
77 49 793
91 55 8564
42 64 3608
3 56 8962
50 85 10550
46 29 2190
84 15 12696
15 21 2331
47 96 8829
112 46 8793
65 17 2040
86 15 2375
59 97 6117
92 28 3973
95 27 13907
92 54 771
113 58 7032
3 59 7979
4 107 5616
87 17 1400
42 99 7032
34 64 9602
113 13 9493
110 85 468
22 95 11878
27 49 5153
81 104 6616
109 110 10104
80 112 6930
42 82 10964
110 119 11313
6 46 7347
2 115 9728
92 68 10086
41 119 7790
47 62 3263
86 36 5029
42 2 13905
67 119 11072
60 3 3333
110 89 8539
63 20 93
2 85 14147
8 55 13189
37 19 3044
115 50 11942
6 36 553
109 72 11950
46 40 11580
47 63 2593
18 1 8244
22 106 11594
112 116 13876
56 59 6821
57 50 1796
77 98 4345
61 12 8707
98 113 11614
9 92 10570
48 19 13236
24 97 7277
18 72 4570
6 33 12840
37 103 4553
64 26 8148
113 72 5541
35 44 11795
63 98 4911
87 10 10559
93 3 8204
5 44 12939
38 110 222
77 115 4384
38 36 7229
18 106 28
21 61 13651
84 112 1847
78 70 6312
45 98 1119
17 85 6642
71 46 5166
64 43 7795
102 1 6815
66 100 1802
83 54 9897
79 35 2556
85 55 532
113 76 1529
38 92 2011
70 13 12564
0 103 12260
60 18 8700
9 113 10137
101 15 6484
79 52 14205
75 35 11597
99 61 12883
7 10 10822
119 17 12095
117 85 11681
72 32 12476
101 97 11407
46 84 2943
34 33 6156
49 29 172
45 105 12181
4 102 8568
77 20 4083
19 115 8686
108 45 4363
24 11 8693
22 69 11280
36 2 9454
44 96 12355
83 92 6480
79 88 8109
3 81 8498
9 35 1091
119 7 8589
71 39 5439
6 66 13721
74 26 9032
66 107 3269
103 113 7733
27 68 9483
116 110 7606
47 80 2663
95 28 9130
54 57 5680
15 41 2485
33 69 10325
41 37 11215
70 91 10718
118 97 896
39 4 3181
72 68 9342
21 20 3822
18 12 10807
0 61 6423
116 34 3303
6 64 8250
26 91 3945
66 15 5001
102 41 7522
105 72 10311
3 91 8688
55 21 10503
54 109 11517
67 82 9134
31 106 2881
83 22 5637
95 102 573
9 58 1799
2 8 7000
44 72 5047
30 0 12963
53 69 12069
29 2 12614
115 36 14148
65 52 2659
55 47 13907
4 66 7258
88 14 1321
117 116 402
72 47 9312
3 109 3527
39 113 9038
66 23 5867
73 23 11625
24 47 1370
53 61 1824
104 50 12163
6 93 14130
79 39 13766
119 71 1619
67 51 11792
34 70 3323
43 9 1686
43 99 704
90 39 6661
28 9 8549
100 62 9456
76 62 12585
31 117 9061
114 42 11656
100 99 1733
86 51 3574
30 31 452
112 111 8020
43 73 10180
103 49 13219
52 3 7663
87 70 6606
56 22 5584
111 7 11978
73 60 12865
87 63 3651
113 18 13192
90 34 2381
69 46 9334
108 30 13884
54 79 12250
21 103 11279
104 71 6692
74 42 2847
27 18 5237
19 50 4387
49 89 10349
11 36 6778
39 18 3497
55 89 11288
15 98 4988
4 57 12770
109 64 6775
34 82 2117
38 45 7500
77 105 404
38 58 11820
72 17 12007
54 41 6015
13 16 8967
40 15 1320
42 85 3515
73 102 13258
1 38 2511
66 42 6239
82 91 6884
64 19 8836
110 26 10683
32 112 14025
29 34 3047
114 113 2253
68 44 3470
30 33 8254
72 27 13701
101 114 2750
45 95 11710
23 18 12983
98 79 5713
6 97 10458
0 26 6928
102 22 5932
80 52 13238
93 114 14065
39 57 657
68 53 12848
58 2 4080
23 85 8503
29 92 4794
50 16 6552
46 33 9601
8 44 4439
67 95 13757
47 101 3996
119 73 2421
96 54 9660
4 45 13749
40 115 13440
13 64 13483
96 63 6355
68 25 9346
19 59 1943
84 28 10001
31 56 494
73 8 12435
104 111 11046
44 100 268
82 60 13714
57 66 3505
63 21 5079
94 70 3660
27 64 14278
77 14 9272
111 81 4179
23 86 6325
109 94 11920
46 54 4249
93 46 12675
10 103 6508
12 7 11440
66 37 11627
106 46 5799
26 20 11602
108 102 6443
6 7 4918
37 80 6928
118 40 13221
82 68 12072
13 69 8834
93 119 8165
41 107 14224
20 48 11916
30 19 1480
31 67 6212
23 102 9870
31 108 12798
83 32 526
16 113 10275
63 84 7165
53 67 2713
60 61 5992
3 40 12829
114 88 11637
28 87 13890
38 87 7768
41 85 1492
63 110 14205
64 91 9588
44 81 5553
80 55 8114
100 59 9431
75 73 6807
17 75 11752
89 1 2811
73 79 9816
76 60 8521
71 96 2122
56 39 11073
80 65 5777
52 69 3421
30 109 11399
118 27 8240
117 58 2375
38 62 5743
66 108 13691
25 5 6748
87 45 8983
77 56 5010
21 80 8278
60 1 2080
35 83 10930
15 22 8959
61 33 5170
106 79 361
68 64 14197
106 42 4654
9 16 12447
43 83 11507
98 28 13295
59 72 725
114 41 12259
2 48 6571
118 14 14088
86 18 11067
107 15 5807
115 108 3243
104 103 6915
44 7 11346
20 27 1043
8 93 3964
8 25 1271
11 56 13205
26 9 3487
60 56 1548
6 34 12517
34 9 11153
102 105 8406
103 119 734
48 107 5263
81 46 9602
42 43 10981
85 107 11311
90 44 12181
54 66 8653
112 61 136
2 6 2225
31 81 11653
118 42 5472
6 59 5151
24 95 6386
112 68 5505
59 74 4286
14 75 7859
10 8 13002
47 118 12598
104 26 13142
82 71 4065
90 71 10060
14 72 2292
111 49 265
111 110 314
7 29 2656
77 52 2268
68 33 6081
49 6 13130
108 86 4087
86 46 8302
117 24 8850
21 43 1757
39 54 13285
112 41 111
18 70 6897
72 39 13669
36 75 3313
102 70 8349
