80
899
11 0 5243
46 11 1696
11 37 3848
45 37 1053
39 37 3742
10 11 1308
0 78 3711
39 26 4888
45 20 5016
46 63 6039
46 27 1714
27 69 3729
63 66 3034
68 11 132
45 60 5568
24 37 3716
63 32 4757
32 14 5920
0 73 2993
46 25 3181
9 69 2291
26 77 421
47 37 2916
26 75 2695
63 5 2998
24 62 3006
67 63 5163
27 57 4690
19 47 5643
19 29 3332
8 68 2260
74 32 2883
46 30 4414
62 50 3892
36 77 5968
7 50 2864
55 75 5812
7 21 19
47 22 4091
65 78 3899
8 31 930
37 4 2167
66 76 2214
29 18 2514
38 65 2840
22 1 3128
70 75 2807
59 4 1068
69 35 4587
19 44 4185
24 53 2938
15 22 295
3 59 2075
47 79 250
26 51 5889
76 58 4140
4 42 492
12 60 5446
2 26 18
64 14 1698
56 35 2106
72 5 2695
0 52 1100
31 48 5711
13 14 3083
51 33 5293
27 54 5541
25 17 3723
21 23 3016
30 71 2466
34 62 3057
55 41 5823
56 61 716
48 49 3669
43 0 4601
59 28 2838
6 66 1254
16 65 5945
31 40 1555
12 42 5027
47 14 2447
25 34 4992
67 12 1975
11 42 4071
0 54 5302
20 5 705
74 6 5550
79 78 864
55 11 3874
44 73 2085
1 78 5986
77 15 4521
79 71 4578
32 30 4464
5 70 3790
58 62 5940
64 23 2553
52 11 3975
25 57 1223
66 72 1954
51 47 252
47 25 2351
67 29 3073
31 28 4698
41 21 3458
1 31 4067
62 43 978
33 57 4479
34 5 908
66 47 1735
39 33 5338
0 46 2969
79 46 2531
38 54 4963
20 4 2303
40 6 2774
23 40 4867
42 17 2878
76 29 3186
36 18 192
61 6 2679
79 17 1176
20 79 1131
31 39 6088
5 0 5265
32 23 2826
67 15 1243
1 13 5270
41 7 768
38 75 4481
51 72 5737
25 54 4786
35 31 6012
25 49 4608
52 55 2354
46 26 875
68 0 729
71 72 3957
66 43 3782
24 18 6301
64 63 5266
11 65 5810
1 28 3245
30 18 583
38 40 3959
7 10 4984
16 48 5970
74 50 2940
35 67 2163
25 8 1376
32 1 82
67 42 4322
35 76 160
11 71 2887
66 79 6087
35 3 3461
59 47 2375
26 4 807
62 66 6201
43 1 4061
63 58 3613
43 70 3590
37 10 3377
75 61 4230
25 36 1686
28 68 2774
13 41 1240
60 59 4020
22 70 1182
49 6 6200
58 20 2845
41 25 5378
17 29 644
61 13 5215
53 44 4349
36 42 522
25 32 4524
40 65 154
41 36 2672
16 38 2213
16 22 4404
70 31 4796
58 61 5740
72 36 3622
44 12 3102
17 50 5708
37 53 6252
6 24 1210
69 76 3800
42 58 1373
65 52 88
77 71 6058
71 43 355
77 70 3423
29 8 5738
11 31 4343
34 23 1972
58 22 2891
46 51 3283
73 72 4347
10 59 4017
72 46 5963
62 4 5211
34 40 2648
22 27 5580
78 6 2170
61 25 2073
12 31 2149
48 52 2192
53 15 2125
54 34 3197
74 57 79
37 46 1089
54 76 347
71 4 1099
16 34 2537
54 69 3656
29 44 3306
8 73 4865
24 10 236
42 48 1789
65 15 2006
72 64 1593
67 77 2021
1 34 578
11 61 4655
70 44 5845
68 33 5590
17 20 2662
62 60 183
35 29 5462
51 6 1202
45 43 2223
70 74 2476
54 78 5704
11 54 5989
53 40 101
22 73 390
67 49 2021
68 26 2045
61 19 4945
51 23 4577
33 27 3176
78 44 2672
9 57 6307
63 22 2364
3 4 3428
2 61 257
5 68 4272
48 50 2135
56 33 4854
1 61 4567
51 64 4808
6 30 5686
1 52 4808
8 21 2153
11 63 2375
47 1 6240
9 19 4540
17 21 213
19 78 496
17 41 1128
44 1 1141
12 16 3780
34 68 1782
19 33 1604
28 11 905
60 61 4545
14 28 2694
55 77 3293
57 36 2145
7 44 3506
70 4 5970
70 48 393
30 38 3405
13 59 884
13 63 3715
36 71 747
9 79 3029
29 34 202
61 69 4734
71 57 3529
36 1 2170
39 47 6251
5 69 733
73 9 3914
8 75 3033
14 33 1331
23 29 1059
59 54 61
70 50 1818
60 49 5130
43 26 1969
16 3 624
44 8 5051
3 29 3895
34 67 500
58 68 4086
30 77 368
17 36 2923
79 55 901
50 53 669
20 23 134
24 72 1746
34 58 131
32 42 4427
24 57 5183
32 72 4669
6 25 3318
0 25 4000
74 60 2168
25 20 5763
78 35 1940
36 53 527
41 15 2578
0 4 994
31 47 5834
65 43 586
12 6 1907
76 23 403
21 46 3431
23 30 1972
5 58 642
2 34 4337
13 28 1890
63 33 1915
19 75 6222
20 62 1019
47 17 1748
51 16 5373
44 3 760
38 26 5080
77 31 3749
59 21 1790
36 33 3808
68 62 633
6 31 1145
73 59 6209
9 6 4310
6 15 956
9 25 5779
68 18 735
5 67 370
39 68 4172
49 51 1455
26 3 2275
28 4 3474
0 76 6204
26 65 4293
36 35 699
11 43 5034
10 9 5238
74 69 4673
59 76 859
69 14 6317
55 22 5253
63 3 2355
8 58 5531
79 23 2019
39 38 1572
71 16 664
40 67 1867
6 32 5537
30 58 2970
71 70 648
12 63 4900
40 50 3513
16 77 3142
63 37 5955
51 70 270
61 78 870
35 32 4709
43 40 228
55 68 732
74 16 5726
55 10 381
19 77 4905
15 45 4571
69 12 2050
16 23 609
33 79 3091
39 16 2174
34 65 5975
15 2 5461
23 12 452
29 1 6024
3 20 662
4 11 6
27 3 6250
57 73 5126
17 71 3205
65 61 2791
69 29 3879
62 38 4376
65 74 4036
23 4 3261
65 2 5592
2 10 659
76 75 969
15 3 1043
54 13 1226
76 67 1471
70 24 6126
9 16 4876
13 47 3779
20 52 2091
43 74 5404
1 7 3910
48 58 2467
24 56 803
60 7 5259
26 30 5118
25 65 39
77 21 2693
53 52 4942
1 45 579
78 74 5978
35 66 5847
40 51 3352
29 13 1724
52 36 4530
77 53 1376
64 60 4209
24 65 6049
9 76 4923
66 71 2973
65 23 1360
75 21 1233
46 57 3716
53 62 170
17 61 670
41 29 3621
66 48 282
43 75 4596
20 42 3494
22 31 392
11 23 391
50 2 2257
21 55 3147
77 11 2404
16 56 5238
7 43 972
8 30 5004
77 42 702
35 34 3271
60 31 3098
2 68 5468
2 51 562
39 17 5660
39 15 5734
20 2 1707
30 4 1043
48 63 2547
75 14 4310
61 36 3756
15 5 407
2 18 4292
68 40 353
38 47 2751
24 69 5514
21 39 6197
1 72 317
66 27 208
11 39 4892
1 63 32
69 65 3206
55 78 3536
74 36 1517
66 50 4799
62 32 3545
75 37 4372
21 48 2182
28 44 5671
6 0 1
52 38 3604
51 21 4740
60 53 2188
17 38 1278
55 39 2798
28 23 3834
25 16 5930
0 66 1618
19 31 3772
20 78 826
8 78 4058
7 35 5912
10 5 5618
32 47 557
63 56 4477
4 35 3430
13 68 3564
34 61 5703
40 20 5696
36 60 3109
12 47 363
36 8 2642
61 22 5205
62 36 3895
43 49 4145
22 59 5216
51 24 2384
36 51 1066
40 33 2012
49 56 4487
71 78 5315
0 44 4015
20 56 1979
29 48 1305
9 68 5096
49 66 1575
61 42 2656
16 58 4650
11 5 1404
36 44 4914
79 43 1917
9 63 4508
3 70 2070
50 47 5855
25 52 4708
39 65 4362
25 30 408
46 74 6154
64 77 5426
7 39 3070
48 44 4120
21 47 2784
14 48 2315
14 43 658
32 45 5454
40 9 2097
55 12 599
62 56 2926
77 23 3171
11 45 3092
66 58 3935
75 52 1684
72 10 5007
14 18 2372
4 21 1254
62 18 1255
0 61 2795
73 47 36
67 14 4791
7 30 6073
75 25 248
29 37 1951
18 38 691
48 43 5253
19 15 2354
16 76 1885
12 18 4521
29 61 132
74 14 5202
20 8 4818
51 45 3515
18 63 2107
37 60 1217
39 44 3399
66 54 1960
76 26 1939
10 22 1061
77 28 2369
76 44 5349
38 78 1921
37 40 3516
44 68 5587
8 42 1411
57 15 2816
16 19 4433
69 49 5019
70 53 1819
15 69 177
44 71 4557
27 35 5786
44 42 5586
54 31 2604
30 72 4009
5 35 1895
33 45 992
15 73 2898
75 59 2165
79 37 450
22 77 3196
13 72 3073
35 18 1485
57 20 62
26 66 252
71 50 4641
48 10 4626
45 29 1213
8 65 3960
4 14 3513
50 68 4800
35 14 2769
71 56 5034
64 78 3133
42 49 1789
46 36 1529
9 78 1045
5 21 2616
43 34 2128
0 51 4640
68 66 4397
68 35 5795
21 35 5682
32 9 1642
64 8 1162
12 70 516
40 3 2054
72 20 6192
2 48 4832
62 44 1377
24 76 3090
53 63 3049
79 56 4079
66 41 2074
35 49 4762
1 0 2531
73 1 3829
9 37 5992
1 3 117
48 71 5519
72 43 3002
2 64 4315
39 20 4411
46 23 2474
46 52 4775
68 67 707
75 69 1572
34 8 2087
54 26 4778
1 10 3725
42 29 5023
33 29 3457
0 2 530
45 36 6080
20 6 4756
18 41 880
59 43 2702
7 52 4579
65 13 3697
12 2 5579
65 0 2140
63 70 32
25 7 2891
3 24 4393
32 15 5346
78 51 4432
44 66 2176
14 50 1058
17 63 5080
75 66 4075
8 17 5077
13 12 2148
72 61 2000
56 14 6185
66 19 4135
38 74 1867
6 34 1262
12 27 5938
59 45 2863
14 52 769
79 49 4183
36 55 2310
12 22 4498
75 62 299
66 69 4033
39 59 1247
54 40 5747
15 61 2361
29 59 5946
37 67 1379
19 58 1234
11 56 614
49 50 2579
27 1 4605
66 34 5285
44 37 5603
15 54 5113
63 51 4993
77 39 1617
36 76 5651
19 38 1728
32 31 5856
43 51 2468
33 78 1692
73 19 395
62 78 5097
5 13 2222
72 11 352
30 66 3277
34 53 2421
29 79 3916
53 41 1139
32 5 5319
22 75 1230
14 2 4869
2 55 1335
68 45 475
52 35 5384
10 29 5554
58 21 4944
22 33 4885
28 12 5697
50 30 3442
67 6 1107
48 61 3048
41 4 5197
18 70 5334
23 35 1595
17 77 4646
47 49 5507
46 34 1031
27 77 4194
38 27 6258
31 68 1184
24 13 2088
43 10 5711
32 0 3209
47 78 3215
69 62 5053
64 79 512
19 10 5870
43 50 3167
70 34 4885
74 55 2048
47 18 1915
3 31 2357
9 55 2495
19 39 4883
5 47 5108
79 52 2171
47 46 1072
28 70 4525
79 34 2713
1 17 4489
2 44 4575
8 63 4338
39 18 2294
53 57 4375
22 8 2533
31 27 4476
30 9 4804
72 16 3123
24 48 2912
26 31 935
78 36 716
29 58 1819
51 7 4546
39 43 1780
18 54 2435
9 43 1611
26 47 4140
36 4 1671
8 11 4570
25 28 336
1 6 1902
52 33 4072
2 25 643
42 28 6299
46 76 959
8 24 1265
11 25 5731
44 25 1304
54 9 4363
13 49 3598
76 62 1217
36 49 5816
26 52 1978
2 54 2463
48 28 3082
78 42 1382
31 57 841
21 53 4045
78 23 860
53 13 6211
14 7 2516
52 78 3843
27 13 2770
27 55 4515
29 2 6281
63 26 405
50 15 5134
38 71 1933
23 3 4901
0 38 593
20 0 526
60 42 1721
38 58 764
61 46 1332
28 71 1650
13 0 5256
57 4 4357
67 26 1241
7 48 3617
73 61 5010
55 24 1781
42 0 705
4 24 4429
27 24 2509
70 61 372
53 16 5238
70 59 5858
65 51 4166
27 51 2228
28 17 2377
10 57 592
21 74 1642
41 73 4452
71 23 2247
6 14 4799
72 54 4842
19 62 5931
14 51 4592
7 20 2202
45 49 344
22 21 4211
57 75 4053
13 2 3621
0 33 776
77 9 6164
63 72 5515
54 5 3547
4 58 1631
70 26 6310
74 17 3103
30 62 5973
58 33 306
5 44 6272
12 51 1397
27 49 5924
49 73 4359
7 65 328
50 33 4232
74 27 76
9 22 1525
0 49 3069
79 32 5063
3 41 861
63 49 3012
38 25 4297
38 63 677
14 20 3939
51 34 3655
49 26 2779
18 65 5508
71 10 1969
76 70 4508
23 9 3374
77 41 3712
58 69 489
59 14 5679
73 69 4141
14 30 4948
51 76 2071
76 77 4311
65 36 4238
49 3 5022
9 27 532
30 5 916
78 70 5694
61 23 4112
50 26 6223
32 77 367
49 9 4821
52 67 3562
76 64 364
51 39 2561
64 26 792
45 23 2286
57 30 2725
73 53 500
22 65 1837
64 59 468
56 52 3128
41 6 1858
27 6 3629
27 42 1830
77 54 3092
70 11 2404
63 69 6057
18 77 5123
32 58 1810
16 0 1047
16 30 965
19 7 4774
2 5 2941
77 75 2924
25 63 2499
1 58 67
60 26 2952
47 75 1541
58 53 3585
31 74 3758
78 2 4619
11 50 1986
60 75 1726
61 14 4747
56 70 4470
