50
645
10 8 2198
8 42 1786
10 15 182
42 12 1692
5 10 1652
12 35 559
43 15 715
8 0 1950
43 6 861
43 18 2073
37 8 894
12 20 1202
16 43 1773
42 14 2238
34 42 230
29 14 434
6 39 107
43 27 2186
10 47 406
0 7 1977
9 0 1089
13 27 2427
3 42 568
40 34 571
16 2 1295
14 1 2268
48 5 1340
10 49 383
1 46 1475
6 25 623
40 4 2043
33 47 1100
19 10 2249
27 38 2331
15 28 1163
47 22 2034
30 22 511
30 24 1471
27 17 1523
45 40 1228
41 47 821
3 36 165
26 0 2314
23 17 1670
4 31 420
5 32 1886
19 21 212
48 11 1253
44 17 37
3 40 1295
26 25 1996
8 20 1657
6 48 1880
18 45 534
43 0 1976
45 23 1495
11 46 1458
17 30 826
28 31 1151
23 7 1255
38 1 1613
43 44 253
30 28 476
9 20 403
12 28 1463
17 13 1397
7 4 794
32 44 259
14 28 1844
34 15 443
36 19 1551
5 37 960
42 33 2363
47 48 2094
9 4 1871
9 39 2426
34 22 599
10 31 1785
11 39 1328
35 38 585
44 7 1668
17 11 1298
23 46 1690
16 32 297
48 19 168
32 7 800
35 26 440
46 28 1326
1 3 480
22 13 2097
41 22 1126
5 33 2149
36 15 1681
35 5 1012
14 47 2192
18 27 1946
29 23 1787
20 18 2345
7 9 1392
3 28 2242
3 21 166
30 9 629
22 6 1910
41 20 226
21 36 1087
39 48 2435
24 25 11
6 44 1258
32 40 46
31 34 468
32 48 2319
3 10 1967
45 26 588
44 40 1339
9 48 1991
28 38 1782
19 8 748
11 35 1411
31 15 929
34 10 1385
33 3 141
36 31 497
26 1 322
17 29 1821
9 5 2299
21 27 1344
30 26 20
27 6 1326
13 6 1499
12 30 334
16 25 517
24 39 1119
14 25 786
22 49 2343
49 32 1781
29 21 2325
34 0 1359
34 28 781
32 45 1002
26 31 2361
30 37 1050
25 7 705
14 9 1349
41 45 710
40 0 792
41 39 2007
48 12 1149
37 39 388
28 9 1772
33 28 1641
34 39 1547
22 15 1182
23 5 1305
33 44 42
25 9 1726
41 32 867
42 19 854
3 16 840
38 22 1159
7 5 2096
44 26 2189
6 14 460
7 17 1509
10 28 1243
47 9 459
35 33 2274
23 35 500
10 41 2100
28 26 827
43 49 637
16 34 841
45 20 2095
41 46 2307
20 6 1131
39 17 874
39 45 2058
18 25 2134
26 7 2240
26 41 338
9 2 237
48 40 534
6 31 1275
19 29 1707
5 17 213
26 9 621
24 8 1147
33 22 1374
44 37 1349
45 11 470
30 18 1979
7 48 1022
14 23 2333
8 44 1708
30 21 581
36 18 160
44 35 437
1 7 792
34 37 1092
9 41 341
36 49 226
32 27 2310
10 37 2448
18 24 2108
32 10 1408
5 26 472
42 20 398
43 40 1980
31 35 979
26 2 2177
48 1 1100
39 8 151
31 2 319
16 44 462
34 36 848
15 40 77
38 30 675
32 15 1803
25 45 2121
22 2 464
18 16 650
3 18 603
32 33 1661
47 32 2438
4 30 2418
1 36 568
7 12 2031
5 0 360
16 4 1408
14 39 1651
19 23 841
22 11 291
28 35 1333
36 17 1457
47 0 1163
47 8 803
11 26 1214
34 30 490
39 43 1996
5 28 1539
3 46 2332
6 40 1527
38 16 824
16 22 531
20 31 787
24 23 1894
45 49 546
49 2 1597
2 13 2352
40 11 2368
24 11 900
0 21 1559
9 3 1246
49 11 137
33 30 352
19 49 1291
12 32 433
44 12 230
26 23 779
35 43 427
1 10 2196
11 32 2307
45 19 2399
45 27 1379
32 19 1033
45 1 1062
40 22 1087
11 8 38
8 25 972
48 27 1728
36 28 2190
32 20 2302
7 14 1217
31 42 2059
43 25 169
12 31 1892
44 45 1809
24 7 2413
20 30 335
12 34 2020
36 30 426
37 12 2305
37 19 407
20 16 1833
27 16 500
31 5 1486
42 5 950
46 14 1248
22 21 1566
19 0 2172
1 35 937
27 11 1434
23 6 2007
7 41 1513
21 2 2270
18 46 981
21 20 660
49 27 1110
21 43 1121
20 2 1444
14 49 914
13 7 2211
29 48 199
14 36 776
4 32 2004
39 44 1592
16 37 1368
46 12 525
13 20 2027
17 26 1823
11 29 2294
43 38 1371
41 49 2285
43 4 1847
49 12 232
1 42 1830
21 12 2368
49 48 475
43 42 1217
49 35 1558
46 0 1278
16 26 180
20 0 700
13 1 1754
4 27 125
39 19 236
42 30 361
30 49 95
44 20 1767
18 26 727
8 3 2302
46 45 2126
44 29 2025
9 18 1594
5 44 241
6 29 1069
4 17 949
16 49 1444
18 21 1085
1 11 351
46 7 595
43 1 1688
36 26 1039
0 41 735
22 7 805
48 35 1519
15 19 2115
24 9 2265
12 43 1708
36 24 1024
13 21 1588
34 23 1833
37 14 726
33 21 2065
44 47 1684
25 42 1586
24 20 1510
40 33 2427
39 30 1138
49 33 292
35 41 711
2 34 1416
38 3 128
16 30 1152
1 17 1722
47 18 2335
22 10 804
40 8 309
10 16 103
47 15 1873
4 22 1892
43 47 589
33 16 940
27 0 2338
8 5 553
10 21 23
48 16 2219
42 40 584
44 4 368
37 23 1479
29 4 884
21 42 1662
43 32 1369
16 1 2041
34 1 1919
19 44 1945
41 1 1235
4 18 1087
18 14 797
35 34 830
29 40 487
17 31 551
9 27 1155
25 12 1628
27 46 128
39 33 1489
18 28 564
27 24 2369
25 34 640
10 44 67
32 6 1495
10 6 1139
19 34 482
23 0 710
35 9 2056
40 13 785
39 32 2399
19 26 1466
9 23 2197
5 11 1422
22 29 2332
26 49 2124
19 9 1605
39 1 2222
15 23 796
19 40 2348
30 47 2314
32 42 43
2 28 459
10 23 1987
28 6 2131
37 7 1110
24 2 1149
29 49 821
7 19 2139
32 22 1743
46 2 184
19 47 2216
46 21 1018
33 29 1160
19 18 2320
46 16 594
23 25 1996
21 14 366
23 18 1497
13 19 1152
3 12 1075
20 7 953
28 49 1441
23 8 1963
39 7 923
23 48 2294
8 36 241
37 45 489
6 15 2127
2 30 2357
27 19 558
40 9 1702
5 20 1894
0 4 1215
47 49 1593
7 43 1447
28 1 40
30 43 413
17 40 231
10 20 1197
36 10 525
25 36 756
2 36 1661
7 40 2032
29 12 868
18 12 2249
14 33 320
6 3 2154
38 37 953
11 41 1493
23 27 701
31 37 1988
47 16 879
39 35 162
14 11 313
1 29 1381
7 3 540
44 22 1084
38 5 2399
12 10 937
27 8 1938
20 17 2212
13 45 1712
23 30 519
41 33 1025
20 40 1134
4 28 2005
29 39 1099
2 41 1598
28 19 1395
0 35 2352
18 44 2127
14 27 2344
2 17 2137
11 10 427
30 31 1428
34 18 2289
48 26 2274
48 13 491
25 21 25
38 6 972
48 30 2404
31 14 1432
4 24 2009
44 23 533
4 25 1492
17 22 1349
34 26 294
28 17 2340
47 3 40
8 38 883
43 3 1493
24 22 1232
49 34 1707
29 34 1502
0 1 1264
26 3 792
31 40 52
8 48 1957
20 49 2107
2 15 1775
29 43 864
21 39 1694
24 47 913
8 45 1800
39 4 332
40 35 471
24 32 675
18 49 970
37 15 1441
26 13 242
20 35 943
21 26 2251
26 6 8
1 6 1703
29 18 2308
21 47 1487
18 48 512
6 21 1193
15 27 282
46 44 2315
47 35 1088
41 16 696
23 38 2124
40 24 981
39 46 977
43 8 474
49 21 690
30 11 1452
20 4 736
34 45 2402
25 15 1572
31 39 346
26 43 2055
43 45 1003
4 41 1097
46 42 2377
25 46 2392
43 5 2043
25 1 1501
47 34 2371
14 19 313
15 0 1968
25 19 1448
41 21 1640
11 21 1568
29 47 1789
37 25 1956
19 30 2028
5 41 739
43 33 2271
28 47 136
17 47 1339
41 24 1719
22 35 551
29 3 2032
10 2 1937
41 29 2096
1 24 1625
4 10 101
11 2 2159
38 7 38
25 38 2088
35 45 1742
46 10 2116
0 22 291
17 34 95
36 22 846
32 14 2160
47 27 1002
43 22 949
38 20 856
29 8 1794
21 15 1002
19 3 1179
5 47 763
31 3 1836
23 49 2343
5 13 522
26 8 2332
17 25 1018
36 27 1475
21 31 505
31 13 1943
12 5 1521
4 34 257
27 7 2041
18 38 1827
35 24 70
6 0 1436
28 0 1910
45 5 1926
9 32 506
14 4 1889
40 16 749
48 10 2182
34 5 1039
20 19 999
20 36 990
42 47 1643
36 37 278
24 15 1139
10 9 2271
28 25 273
28 11 1348
45 42 1968
24 3 341
9 16 1291
23 33 888
42 44 720
47 7 2086
2 42 2437
48 38 930
7 29 586
42 7 2372
45 48 843
44 14 725
28 43 988
5 3 1518
19 46 572
15 9 1271
1 20 250
46 38 1270
49 4 2332
34 46 563
36 46 1098
16 21 378
42 24 1068
24 48 1278
46 33 610
