80
1545
12 71 3169
36 12 2985
36 76 2902
9 36 3781
66 12 5953
12 0 145
29 76 778
44 71 5587
71 30 1204
42 36 5433
76 62 3058
42 16 3528
28 12 2505
34 42 1111
30 47 4223
22 16 2293
66 33 3893
9 56 659
14 12 287
69 56 3203
23 62 3726
29 75 6147
76 55 5108
17 47 6318
7 44 2427
68 76 5295
45 75 456
17 63 2023
55 70 124
79 29 529
10 71 227
75 50 1657
55 25 2607
39 25 1918
29 58 5223
30 18 4001
63 65 1157
48 29 116
4 65 4331
54 39 1139
66 32 48
60 66 3477
34 53 5765
62 73 5177
67 42 4502
56 38 3589
27 71 4965
35 23 2398
14 78 1321
51 23 5882
40 0 5323
6 34 5584
70 11 1280
27 15 4209
0 3 4652
12 57 5350
49 47 1416
32 8 1762
77 70 4034
61 49 4373
46 67 350
36 37 1063
44 52 279
53 13 124
64 14 515
34 59 5528
72 45 5085
61 24 4416
25 2 1238
79 5 478
1 4 452
74 36 5975
56 21 418
43 78 4751
19 50 1412
41 15 5285
31 40 1827
20 7 5801
19 26 750
10 2 3383
44 55 2488
22 31 1540
18 77 6118
67 54 5601
37 59 2165
56 75 6283
37 46 1915
61 5 6235
30 55 4985
66 71 1618
79 13 6274
44 76 1427
66 52 2975
66 31 3581
45 62 3877
1 67 509
8 78 5615
41 45 5931
6 22 2353
52 23 1590
67 71 1709
30 51 171
34 74 3288
49 35 519
22 45 3461
27 59 2942
44 46 3363
24 3 4583
51 0 4038
20 42 2407
66 28 4576
30 2 1636
57 6 5343
37 64 2662
57 38 5341
77 57 1612
13 73 2127
33 25 6170
35 21 2044
62 26 3937
7 63 5571
67 20 2659
43 7 4590
37 63 3679
67 24 741
19 58 5547
59 26 1659
51 52 4507
21 41 1555
79 14 4035
3 38 1877
69 48 4405
61 19 3888
59 56 2602
70 21 3234
75 48 4385
25 75 6164
20 15 6248
14 51 6149
68 38 4992
63 14 5819
2 34 3041
72 40 5863
73 54 185
57 56 3448
38 25 2428
9 49 4711
41 53 2897
17 16 2706
61 37 1897
23 36 625
31 9 4022
13 67 773
48 8 2960
9 23 3582
21 12 985
75 5 1995
2 0 1589
53 50 1667
1 20 4684
54 17 379
69 2 1050
50 38 436
42 32 4737
79 3 2714
39 24 4023
53 48 6146
24 16 3045
58 47 2030
24 17 743
6 32 4854
34 37 331
30 57 4818
41 4 3059
50 7 3143
10 32 673
45 3 3621
59 69 1984
43 79 4998
79 68 3708
58 62 2040
49 78 854
11 6 4562
51 34 3177
72 28 2969
20 70 4041
63 72 5177
21 65 3169
9 43 373
19 35 1198
55 63 5390
37 56 3588
0 15 1182
30 24 3806
50 18 952
27 30 5110
70 69 1750
67 28 546
7 16 472
28 55 5061
40 32 3463
17 65 1957
10 31 2730
4 19 1176
38 30 472
64 4 3221
48 63 59
51 15 4198
49 69 1094
39 20 3619
68 57 1668
52 61 1985
26 13 3121
56 46 315
63 78 629
23 43 2327
50 71 5402
78 67 1548
18 79 4191
62 54 2761
69 43 5778
18 42 3465
5 43 5059
56 14 1504
27 34 1064
63 68 1010
18 76 2239
31 7 5082
75 65 4289
63 75 0
48 45 3522
75 35 2890
0 48 4818
23 24 5740
33 7 2021
61 79 4034
7 72 1221
62 14 3371
53 60 934
37 78 1905
37 40 1461
1 16 4079
14 40 3810
70 8 5760
49 58 422
71 13 3789
5 50 4950
36 26 1596
70 28 2762
63 26 5581
34 31 4188
22 57 3954
64 40 4022
64 8 1854
9 51 284
34 28 2660
68 17 5557
49 72 997
27 31 3327
63 44 1258
27 69 3569
41 29 1463
48 41 4316
5 29 4820
20 47 2377
7 62 6142
13 15 4872
53 52 5797
37 15 4235
4 10 4809
2 22 711
2 47 6200
65 12 1888
79 21 2314
32 44 6250
71 35 2541
53 16 1566
21 44 5684
72 68 2842
6 25 5116
70 68 3084
79 38 679
9 14 2489
45 68 4441
23 74 275
79 73 1624
4 49 1724
9 61 5376
55 0 3848
29 21 982
51 77 1135
11 62 559
19 1 3912
56 60 1801
4 62 6191
5 10 2508
47 19 2864
42 77 4159
41 76 1768
44 38 4592
20 54 1076
64 60 4367
22 78 3336
78 38 1421
12 5 4395
8 12 4118
47 22 3436
0 23 4389
32 11 3258
29 15 3613
0 49 497
32 70 1658
5 17 4263
36 68 574
12 34 1079
64 69 2216
73 20 1407
62 42 4687
10 45 440
18 19 4325
33 61 3746
69 10 5490
7 76 5215
30 15 4156
75 60 5087
62 69 3087
13 11 3671
79 25 4513
7 45 1037
9 70 132
75 39 3874
53 47 184
52 34 4669
41 64 6299
10 42 706
64 38 4098
42 4 6098
6 73 2128
5 28 6140
7 48 5782
7 21 3613
74 72 4268
22 4 1014
79 63 2583
25 59 4620
55 60 4109
30 36 620
60 3 4541
36 53 1528
75 4 1444
60 27 2998
70 33 4329
6 31 316
9 5 1222
49 1 1177
22 5 4585
74 16 410
26 76 47
66 17 5243
38 27 28
60 54 120
61 50 2478
5 42 3716
33 28 4033
60 13 3902
62 10 6228
32 19 396
3 42 771
0 43 1026
23 49 6300
79 45 3199
73 48 652
21 47 6009
57 5 1790
22 42 241
55 62 2540
21 64 3556
54 6 1573
33 63 797
42 57 6020
68 28 6031
49 34 1442
76 11 766
26 0 3600
71 59 5076
41 32 2072
34 4 4033
0 70 3195
8 71 2590
58 8 4694
75 73 4189
67 2 4248
8 42 80
9 12 418
16 36 3838
12 69 575
70 41 4091
35 41 305
40 22 4432
17 35 4057
38 6 2676
36 70 3071
50 74 1256
65 5 1566
58 67 4038
40 65 4289
68 9 5455
46 7 3648
50 58 6288
41 40 742
40 50 1893
51 35 6284
7 41 1235
8 66 3625
13 22 5118
1 77 5469
24 13 453
34 20 4221
7 19 4882
79 33 1917
77 66 4121
35 15 110
11 52 5162
41 57 4003
18 22 4432
4 72 414
10 28 1897
53 59 5231
20 43 3417
66 64 678
24 43 1390
24 12 1827
35 11 3876
21 55 1436
78 18 3437
19 60 2495
29 37 2044
54 75 4470
23 79 3354
79 17 3664
27 7 3903
73 31 5207
51 4 5966
66 2 1032
55 37 5324
10 50 4857
78 40 6140
74 42 6135
54 1 2698
8 11 2520
73 26 5677
21 19 3343
45 12 2213
52 15 5213
12 73 4144
0 62 2184
37 69 1583
1 23 1943
55 36 2042
66 9 633
22 19 418
57 79 1385
25 36 3167
8 68 4590
17 51 4989
35 12 3473
29 47 1286
12 43 5344
39 67 3268
12 32 6123
38 60 596
1 26 4358
6 19 1449
2 57 1120
11 20 2302
7 55 3457
63 22 5472
46 30 4693
18 38 5154
57 75 6272
52 42 5901
47 31 2090
47 63 2711
12 48 1292
45 59 5545
51 33 2934
7 38 2576
79 27 934
77 35 1921
42 39 4532
51 29 5154
36 43 1988
28 18 3647
58 34 5543
76 20 5223
25 7 2948
19 66 3266
37 22 5323
49 29 3181
2 72 5496
40 75 865
42 79 72
9 0 4216
14 42 5159
54 45 346
31 1 1833
75 61 3006
4 69 2943
42 15 6040
23 11 4388
65 10 3347
26 68 1781
41 33 4372
45 61 1161
21 58 3281
15 70 1646
33 23 1282
37 1 2870
4 39 994
73 67 3325
67 16 3893
41 42 4961
24 56 5743
30 25 4408
47 59 2370
4 27 4543
55 20 1992
42 12 3722
71 52 6249
15 7 892
28 48 4718
73 56 4818
11 12 560
26 40 1082
26 12 49
60 28 5170
60 59 2286
37 19 4568
44 68 1722
17 21 6269
49 65 1044
10 76 3029
70 23 2114
5 1 2243
59 50 2726
54 66 342
2 65 5489
44 48 1631
70 5 3397
74 28 4130
75 49 2554
53 15 1117
67 59 1385
46 27 2758
78 3 685
57 53 4087
12 77 4624
50 9 4886
58 7 2849
23 46 1223
67 74 2143
43 31 687
43 41 4008
47 26 4721
78 65 4913
60 25 3232
18 8 1213
6 53 5200
19 78 4813
8 60 1443
65 41 1955
52 69 5460
28 38 711
63 12 2010
70 79 5181
25 51 510
23 27 1596
32 77 1698
30 76 1752
38 29 2762
23 21 973
53 44 2385
41 71 2483
50 35 6226
6 2 1756
42 21 4785
72 24 5800
76 45 1782
77 26 3878
14 53 2841
78 6 6246
47 68 643
11 72 6295
78 75 6084
12 13 2747
44 12 4821
10 12 3365
54 25 4240
10 23 174
62 22 1847
45 39 1242
16 56 5009
31 67 2291
31 53 4584
22 30 5989
27 58 3479
71 62 1449
40 5 2936
42 50 3111
46 69 3874
62 47 1332
67 62 658
6 59 1670
17 31 4069
2 78 5233
6 1 1372
66 16 2937
69 66 2750
79 54 5055
41 9 1125
14 48 347
66 47 5555
63 77 6083
55 75 4545
66 65 85
9 77 934
71 74 3465
16 8 3705
8 75 1391
24 7 1738
39 9 2618
17 53 446
40 13 4996
9 44 3563
17 13 2070
52 43 4607
13 75 3536
50 4 5621
30 70 5086
43 29 3341
22 50 2048
65 32 196
73 33 5674
21 76 5788
14 1 375
51 57 402
18 33 4156
51 42 3328
31 71 5421
38 41 4999
67 50 5674
75 12 905
72 42 744
8 59 1258
68 2 1429
43 66 4735
70 60 494
51 18 46
8 37 2155
62 8 3590
33 64 73
30 60 4361
11 39 3948
53 20 2545
61 39 2349
50 33 3647
30 75 1309
1 50 3318
1 56 2238
26 15 162
62 46 5792
12 20 3357
9 2 6320
56 23 779
14 24 3586
77 64 4431
50 12 2849
0 21 4955
71 29 5028
38 61 2953
65 13 5693
68 30 855
54 61 4994
1 58 1684
67 38 5543
46 79 1614
50 52 1465
52 75 2843
38 74 6019
0 30 3638
79 44 4729
69 6 1711
4 32 5157
66 56 887
61 7 4209
77 54 2156
45 6 3333
54 68 232
77 28 6203
0 17 5906
19 59 4525
12 27 1377
42 59 2225
40 4 5849
29 20 4269
74 45 5914
22 77 5328
11 67 1341
72 77 1145
77 44 1320
46 48 819
15 9 1003
32 63 6002
64 1 4709
5 69 2723
42 6 4676
10 14 3392
52 41 3196
6 47 206
22 51 4945
43 1 1651
23 26 890
27 56 5346
26 49 1710
19 36 1934
46 61 1081
34 19 4550
48 38 1138
6 29 4046
22 10 132
0 69 1463
60 31 257
58 16 3275
21 78 4398
73 38 3106
25 16 837
20 38 4884
66 23 4179
77 49 2858
26 41 3936
56 33 4413
26 20 2885
64 27 4830
26 48 5071
23 42 5160
6 71 3333
71 0 4138
45 51 81
64 44 3744
10 7 6149
14 26 4354
32 76 1314
5 25 3977
67 70 367
71 76 604
30 33 6285
69 23 2361
56 47 5628
9 13 4077
60 78 3307
58 69 2769
55 23 49
62 38 3200
41 6 5137
76 23 1690
31 59 3045
32 22 241
49 57 4665
75 2 148
24 1 3615
56 64 4550
28 45 2855
73 50 3996
34 15 4106
39 69 5423
57 33 2144
32 33 5935
28 22 5712
76 25 1232
50 25 1849
34 66 3215
59 38 627
27 37 5089
31 79 5433
58 78 5450
78 24 5846
51 55 4363
5 74 5463
72 14 3663
75 77 5705
58 5 6205
64 72 5093
4 3 5614
25 4 6098
73 3 2861
7 49 236
36 69 6255
5 60 3282
54 74 2592
59 43 6249
73 36 563
13 66 3232
49 5 4392
31 39 1740
27 9 1926
22 65 1562
26 66 170
58 51 259
31 74 599
77 58 1966
6 36 127
43 76 5201
54 50 1753
6 7 3178
73 76 962
4 24 1960
54 38 1552
68 19 2224
15 8 3991
21 18 5446
61 22 5238
50 11 3738
66 36 5424
13 7 2269
5 31 524
68 73 324
57 64 1749
76 12 5782
39 21 4367
71 11 5261
40 62 916
77 34 6042
1 36 3170
1 8 3127
56 78 5455
77 68 754
34 68 6315
43 30 1131
40 30 2993
37 47 654
0 54 3215
69 29 781
54 51 779
13 74 280
45 57 2111
32 61 139
56 48 521
5 63 2785
29 18 946
3 9 2722
20 36 1097
67 21 895
21 27 4447
6 3 4887
42 70 6034
66 41 1561
65 56 3001
51 8 3668
2 31 1646
73 72 3349
27 6 716
61 53 2468
15 68 219
78 68 936
69 50 5090
52 17 4779
18 46 5356
33 6 565
45 44 1070
60 77 577
61 27 1941
39 50 2195
55 35 4773
2 61 1198
34 14 335
56 2 5316
26 52 3932
23 60 4764
34 76 4991
76 54 4991
66 68 4549
48 76 4822
66 0 1424
4 13 5883
9 55 4984
42 66 4716
57 63 601
51 76 2414
4 5 359
76 24 249
30 64 78
52 67 5798
47 0 2579
19 77 5251
75 6 3653
1 63 2956
4 11 5124
49 25 3505
45 11 1396
30 41 4708
24 64 1492
64 32 2910
39 6 3742
61 4 4819
32 31 6196
59 64 66
28 21 934
46 24 634
24 38 5431
16 2 5031
13 43 5093
22 23 926
11 1 949
55 56 3946
6 64 817
51 49 5755
79 20 3645
33 76 2560
22 9 1393
79 50 4890
11 17 5562
77 17 3913
27 74 142
25 47 3266
51 53 3020
12 6 2513
10 15 2363
70 38 1447
73 78 5753
13 77 1245
11 9 1447
43 19 5258
28 63 6012
0 10 3469
18 62 145
16 60 2938
39 51 6179
33 46 4597
15 14 380
73 23 4649
11 24 1451
19 73 2602
13 28 4606
35 42 4428
28 57 4993
21 50 3246
7 26 4877
53 69 1856
0 13 4014
12 23 1787
11 14 2712
70 57 1346
72 43 5935
9 32 3105
18 16 5467
75 70 4919
14 16 2664
0 25 2554
66 38 6103
45 47 3653
51 10 239
22 54 5246
1 44 4385
27 49 4519
61 78 706
31 14 4743
15 18 809
20 44 4777
31 38 944
43 67 1716
15 67 4444
32 27 4368
72 29 2118
26 33 4533
42 33 3476
41 2 4733
10 68 2001
72 66 5210
64 31 3545
55 11 2419
11 10 4680
30 59 4948
24 57 4696
74 12 1267
10 52 2567
31 76 5924
19 33 206
24 31 4376
67 7 5675
52 3 1351
1 51 5618
78 50 3016
36 27 2341
14 5 2349
36 11 1096
69 15 1547
1 27 1011
77 59 6157
11 30 1567
2 52 1651
77 43 3958
35 2 4466
32 29 5086
59 15 4230
22 52 4710
46 42 4161
69 33 6025
39 8 620
59 5 5293
79 28 1389
41 44 2025
38 42 4124
33 53 5006
43 21 351
66 20 222
15 43 188
25 44 1659
38 35 5636
49 22 2610
11 29 4288
18 73 1725
14 61 5556
63 51 6300
32 72 952
2 1 1218
75 23 2946
47 32 261
18 70 3190
76 9 5825
33 39 897
36 59 2822
68 71 1407
35 40 1721
6 0 5087
32 56 6152
7 34 537
33 21 5881
33 58 5136
53 68 5869
62 2 4876
56 77 5887
38 33 4800
41 67 528
65 52 664
73 4 5800
79 15 1422
23 4 3554
18 60 4403
0 5 6053
46 75 1029
0 45 1364
74 19 2617
26 78 678
30 35 5859
17 67 4143
35 79 789
39 57 2806
45 42 5075
78 5 1251
2 64 648
35 60 5244
39 3 1253
43 51 6295
22 59 5938
67 76 5572
70 17 5477
17 71 3277
7 59 1663
29 66 5220
43 14 4664
61 71 4917
59 28 5553
75 53 1356
20 75 3106
43 38 1744
66 63 1959
65 44 6172
65 43 1421
41 37 3464
66 30 2025
13 36 519
10 36 5676
6 43 2661
29 13 1689
35 47 2865
2 29 4413
30 19 1103
38 46 5174
11 59 787
19 13 5088
38 72 5028
52 74 1548
58 17 26
35 10 4720
34 8 3031
40 73 217
62 33 1570
15 32 4182
36 24 647
33 77 2520
61 35 4530
68 50 2891
47 28 3401
41 54 1677
0 28 778
8 43 4601
49 6 6227
75 18 551
29 44 2290
22 0 1857
58 68 5577
6 50 5574
41 49 2791
55 46 840
12 30 1964
5 23 2403
13 35 3962
48 60 2517
52 37 655
20 17 1467
25 64 4233
1 78 643
31 11 1088
34 70 3921
33 59 5460
9 8 3108
58 12 3728
38 11 3718
49 56 2908
0 8 417
57 11 1113
78 69 4610
73 64 1274
37 18 150
25 70 2978
2 36 6177
20 57 2095
59 18 1651
53 9 4063
16 43 349
70 26 3714
53 39 6111
51 26 2316
52 19 4346
15 38 5907
27 40 2921
3 57 1169
16 62 4521
21 54 6067
25 53 6016
6 17 3098
9 54 1380
75 19 4455
58 25 6223
26 9 4511
53 76 4464
79 8 6084
35 76 5303
18 36 4964
24 18 2520
73 0 3300
67 40 5758
58 73 3178
67 75 3377
7 51 694
53 12 38
5 73 3088
55 43 1001
66 62 1975
5 54 2625
34 63 3340
77 14 263
6 51 2172
25 37 4906
61 40 2377
16 73 3127
8 20 5021
41 62 4202
73 55 1116
3 32 2922
6 56 6268
36 61 5618
53 45 5826
62 34 1367
55 17 3303
55 10 3184
28 41 4571
9 28 3290
46 4 5374
4 33 686
58 9 3110
77 73 4545
28 56 1592
8 26 2060
52 25 5991
66 78 100
8 27 2955
65 54 2313
39 1 21
19 53 4739
17 43 1938
67 10 6191
72 35 1142
31 13 5698
67 27 3518
14 25 4215
9 33 2525
1 46 1840
57 54 5663
41 51 3731
30 28 3496
62 63 1934
73 17 4588
58 35 4408
46 36 2041
77 52 718
61 18 3730
26 21 5149
5 44 696
64 43 5151
61 23 1566
61 56 3638
20 4 1142
18 68 5137
22 24 1415
18 17 4603
78 79 2005
71 54 5156
30 48 693
11 34 3225
68 69 6008
65 9 1798
60 62 1113
22 70 4669
45 55 5984
6 40 1023
39 14 6074
9 79 1374
20 22 4277
51 73 4121
71 65 3713
10 19 105
20 52 4842
71 38 1963
65 68 498
38 63 4488
57 15 766
41 73 660
19 49 4187
75 0 3504
11 44 2256
30 44 4791
59 23 4890
28 15 1227
36 14 434
21 60 972
22 41 6113
70 29 833
59 73 2722
70 58 3919
18 55 2312
24 74 5540
57 10 5330
15 40 4130
3 41 5892
8 3 2921
56 11 2917
3 53 2758
72 23 3034
63 9 899
7 11 774
6 5 2861
67 60 5523
60 12 3527
76 15 6176
60 4 2579
6 70 1856
1 75 841
43 33 2074
52 57 797
5 56 4745
39 63 4659
3 68 191
69 30 4874
56 63 226
49 64 3874
33 68 317
65 45 1427
34 65 4293
68 43 5085
77 65 2853
72 15 4511
47 76 2201
35 48 4000
64 22 4778
29 17 6278
77 25 4028
1 34 4719
46 64 4682
11 51 5827
8 19 991
60 14 1926
72 27 922
67 6 4318
38 37 4082
64 7 4548
39 13 6311
8 10 1099
54 18 5601
46 60 2960
54 59 608
61 67 6258
16 70 2071
44 69 2343
71 16 5027
74 62 160
74 9 4605
8 36 2450
77 8 2070
30 45 1122
14 59 6028
53 58 47
47 1 3121
58 55 6080
55 5 3582
28 36 5015
76 49 2363
63 8 5564
18 0 142
14 33 809
77 11 4177
78 35 4265
37 72 790
43 60 3116
21 69 293
15 60 4851
3 61 2942
17 42 1961
72 22 3806
69 45 1902
34 9 1603
12 3 3646
65 25 3872
65 23 2889
21 14 2259
33 49 41
50 24 4997
42 76 6031
49 71 607
44 23 5050
72 54 1889
56 0 6157
17 8 541
44 6 4457
69 8 2673
52 49 2811
53 2 3994
26 38 2788
37 16 709
24 48 1253
41 59 2315
27 39 4765
52 45 6132
29 78 1538
54 48 809
31 48 4647
48 74 3100
20 25 5253
72 56 4781
19 67 3993
3 70 2668
59 13 2101
50 49 6136
23 78 4080
70 78 1873
29 31 1997
6 63 321
55 14 72
46 78 1427
72 71 569
41 79 4321
78 76 902
17 19 2436
56 4 3944
13 56 3147
46 41 1428
57 72 3235
10 47 5452
5 15 2178
16 33 963
12 39 1116
37 26 5569
59 65 5153
37 20 460
57 4 3710
47 52 3328
10 9 5091
74 10 2857
49 3 4291
26 22 5786
31 51 424
52 16 142
68 60 4389
65 67 2439
51 69 457
63 4 4487
44 49 2323
29 0 1519
48 10 5496
48 43 2707
56 52 5108
64 36 2446
35 5 5144
27 63 460
16 46 667
21 25 993
51 16 3014
23 16 2270
47 4 109
30 23 2283
11 28 5916
63 42 2763
58 66 533
47 71 4699
40 70 5192
26 57 6019
74 11 5771
39 0 1632
53 1 2432
48 23 4753
67 56 6296
24 53 5239
64 55 984
18 49 2362
78 41 4807
68 32 482
29 40 5139
40 24 2705
30 42 3735
14 30 2103
46 21 5529
23 25 3718
78 42 1413
36 54 588
43 44 4079
34 23 615
41 13 3619
15 44 3810
72 69 533
38 17 925
74 3 3091
45 23 3930
68 39 5372
14 49 5041
32 13 1155
61 63 5050
31 54 3739
30 31 3196
39 46 4163
67 55 3206
14 17 494
51 67 2998
32 25 3090
48 40 5048
48 2 328
63 0 6190
4 52 1900
7 28 6105
14 20 4287
53 73 4267
60 61 6247
1 60 4640
22 67 2500
61 69 6149
78 54 1490
31 77 3318
65 48 677
17 46 4105
44 78 4610
56 45 5790
49 2 4942
2 51 5402
33 45 5902
55 32 3956
62 29 2845
53 56 2643
42 60 1361
50 30 5001
27 16 4954
77 69 2635
7 32 3494
39 73 3457
54 30 1805
20 19 697
10 33 3561
34 48 4308
59 63 437
71 46 1899
20 50 6189
36 40 1728
44 2 5252
79 37 2985
35 57 4090
36 79 4135
13 30 5290
63 16 426
56 25 2891
76 61 5569
25 45 3521
18 67 1710
72 20 4922
37 60 5707
0 35 5630
79 74 5502
46 13 2842
55 27 4009
26 58 4266
6 37 545
41 8 5744
48 61 138
21 59 5524
70 53 4643
48 50 3643
6 77 4320
4 15 2747
63 45 3147
30 5 4210
41 34 3934
57 29 3661
17 26 65
54 23 5351
66 21 2472
42 0 3330
49 53 4870
50 31 2664
71 64 4741
67 66 5055
46 68 4930
31 46 2473
38 47 1371
21 15 3352
4 28 6040
36 48 4291
8 5 4678
58 28 6084
