30
152
6 0 489
21 0 597
22 21 71
19 0 460
19 16 789
18 0 63
0 2 860
22 23 673
23 17 47
2 11 45
17 12 531
22 9 438
24 17 261
29 11 70
18 3 253
7 2 584
1 2 334
26 11 714
27 26 140
21 10 667
20 12 725
3 25 434
29 14 402
5 3 416
1 15 718
13 19 114
8 9 229
13 28 134
27 4 176
29 22 641
2 22 43
15 19 238
1 17 743
23 16 435
24 9 22
17 18 61
6 8 699
14 0 670
24 11 288
28 4 347
5 22 21
1 29 37
17 9 8
27 3 122
20 23 572
9 10 354
12 1 652
29 25 461
0 26 297
9 29 147
26 3 326
27 2 520
22 25 732
7 18 247
1 14 167
10 11 258
24 1 116
29 3 41
22 0 136
4 24 550
0 20 31
29 18 740
12 25 433
23 4 271
7 19 374
8 21 379
14 15 143
20 5 412
20 13 87
0 3 687
4 14 437
27 0 282
5 0 30
24 28 259
8 11 600
15 17 547
12 9 422
13 1 165
15 7 94
10 0 187
17 4 557
20 14 96
9 14 48
27 25 138
8 17 817
3 22 222
12 24 128
29 26 367
17 2 70
25 24 226
19 2 204
21 24 173
5 17 201
15 4 479
16 27 119
28 18 320
12 15 303
0 23 255
13 8 448
21 6 461
8 25 606
7 8 332
28 22 295
13 4 639
5 4 27
21 4 21
17 10 520
14 3 325
12 14 196
16 3 155
4 29 410
20 25 218
14 13 376
26 2 268
6 20 351
6 17 861
21 25 799
0 4 73
26 24 817
10 6 696
26 6 859
27 21 855
16 10 549
9 2 22
27 6 867
3 10 402
27 10 177
9 5 398
29 2 316
28 11 597
5 23 531
22 7 637
0 29 282
0 12 169
7 29 276
13 23 266
5 14 785
20 16 65
23 11 379
3 13 464
15 28 347
21 20 62
17 19 536
24 19 803
22 16 685
22 10 584
2 23 852
19 21 16
22 14 782
19 1 346
3 4 185
6 9 426
