20
150
7 18 187
9 18 0
19 18 247
11 7 87
9 6 15
12 9 89
6 14 369
5 11 232
12 3 305
8 6 351
9 4 153
15 11 191
17 3 368
7 16 84
6 2 143
16 10 319
0 18 284
9 13 255
1 19 127
10 7 102
6 3 356
15 8 184
4 3 214
13 14 355
8 17 232
11 8 190
1 6 63
8 13 123
13 2 199
7 6 206
13 5 271
2 11 88
0 11 295
6 12 283
2 9 223
15 14 12
5 14 128
10 19 161
15 5 90
5 19 342
13 11 160
2 14 36
9 1 0
0 7 232
17 18 252
7 8 193
19 12 162
11 12 202
10 1 288
0 2 252
7 5 248
19 17 126
10 12 364
3 19 242
2 16 5
1 12 187
0 3 157
14 8 65
19 16 70
5 16 43
4 0 228
0 17 367
18 14 15
1 4 22
5 4 257
7 3 244
5 1 251
15 2 174
2 3 318
0 14 160
2 1 242
3 14 38
11 10 49
9 15 239
3 15 205
7 13 362
2 17 64
0 5 215
15 18 371
12 18 202
14 16 199
9 10 200
9 3 103
16 13 188
10 15 6
6 16 322
6 15 369
13 18 48
15 12 375
19 2 146
0 13 250
4 15 229
6 17 101
12 7 82
17 4 240
11 19 309
0 1 0
1 17 352
8 12 215
7 15 302
5 12 21
2 10 139
9 17 17
4 14 369
19 6 60
13 4 277
18 6 112
14 17 56
1 16 217
1 8 237
5 6 84
8 18 267
4 11 90
8 10 63
4 16 46
0 8 116
10 3 287
10 14 107
19 7 332
13 12 66
11 17 15
1 14 319
1 13 160
13 15 39
3 18 301
19 9 163
12 16 263
16 15 51
1 7 338
1 11 300
5 17 180
19 13 282
14 11 71
8 5 315
10 0 3
16 18 66
15 19 63
15 17 141
1 3 352
18 4 306
3 5 36
8 19 171
2 7 127
6 0 70
12 2 3
18 1 209
9 11 14
10 13 14
4 19 231
6 13 47
