30
200
1 20 802
13 20 106
13 16 434
25 1 578
18 1 749
20 26 323
0 20 683
12 0 773
3 20 520
13 23 211
24 0 58
26 15 153
14 23 575
13 8 194
16 7 482
23 6 596
1 21 432
23 28 113
1 9 441
15 27 362
20 17 345
3 22 187
4 25 342
5 15 32
8 11 706
10 18 287
28 2 71
19 16 344
16 29 535
28 10 91
17 4 817
2 16 196
13 7 793
27 1 642
11 14 686
0 18 120
16 4 510
5 10 850
17 16 428
12 10 564
8 10 818
28 25 375
17 12 288
18 12 833
19 5 133
11 17 595
28 3 622
10 29 68
25 2 625
22 0 633
25 18 441
23 11 100
25 0 566
25 16 682
11 12 77
4 26 761
3 0 341
29 5 244
15 7 34
16 3 429
9 22 853
21 13 120
29 4 72
5 13 372
0 29 733
25 22 466
8 6 439
15 1 86
24 16 104
24 1 129
11 13 129
15 9 487
11 9 186
25 7 829
17 3 856
3 14 334
10 16 451
13 25 122
25 24 854
24 12 3
23 27 651
2 22 46
11 16 4
24 2 612
27 16 301
18 5 382
7 28 445
4 14 150
9 24 732
6 13 416
27 14 359
3 2 479
10 1 499
10 22 501
1 4 493
9 16 202
26 6 414
18 8 762
6 16 736
11 7 246
6 1 452
11 24 487
3 5 91
2 6 45
23 24 597
6 25 673
25 17 217
26 23 662
18 26 850
16 28 274
19 6 361
27 7 515
2 9 455
16 15 420
6 14 401
21 8 177
12 1 624
10 3 80
15 24 592
7 3 608
18 13 17
26 7 116
15 6 149
3 15 105
24 21 655
16 20 417
6 22 172
21 22 786
23 8 91
28 15 788
18 22 344
21 20 144
29 7 771
28 26 685
1 19 157
20 14 388
21 4 554
2 0 739
0 19 560
21 3 825
20 19 643
15 4 491
3 11 419
2 21 168
1 11 726
25 29 51
7 23 147
28 29 330
21 7 424
26 0 509
1 13 395
9 29 296
13 19 95
2 23 2
5 11 183
0 8 453
6 20 864
13 9 411
6 27 648
23 4 735
8 1 376
7 17 572
5 0 188
9 4 342
7 24 521
16 26 0
1 0 69
3 13 339
23 9 663
16 21 653
0 10 517
22 7 310
22 8 317
29 11 219
5 17 718
25 12 327
21 10 653
18 9 739
24 13 297
7 5 601
25 11 464
19 29 263
3 12 594
10 6 712
24 17 384
12 27 299
26 10 580
27 10 795
0 28 659
26 3 397
19 27 458
22 4 739
5 14 382
8 25 814
21 0 806
6 0 335
19 18 107
2 20 522
14 21 548
9 10 191
